url,Domain_Length,Path_Length,Num_Dots,Num_Hyphens,Num_At_Symbol,Num_Slashes,Subdomain_Level,Entropy_Subdomain,Is_Punycode,Digit_Ratio,Special_Char_Ratio,Suspicious_TLD,Has_IP_Address,Has_Phishing_Keyword,Brand_In_Subdomain,Certificate_Age,Certificate_Validity_Days,Cert_Too_New,Is_Trusted_Issuer,Has_External_Form,Has_Submit_Button,Has_Password_Field,Total_IFrames,Has_Hidden_IFrame,Right_Click_Disabled,Has_Obfuscated_JS,Brand_Impersonation,label
http://43.134.163.95/v3/signin/identifier?dsh=s772084982:1679335703265671&amp;continue=https://accounts.google.com/?&amp;xrealip=149.56.153.189&amp;followup=https://accounts.google.com/?&amp;xrealip=149.56.153.189&amp;ifkv=awnoghebpul6vc1amu_n1h7lm8wi4hh2ov2bf9-bzf954i6stzknmbehmnaz7rwucdabxyxvouq9za&amp;passive=1209600&amp;xrealip=149.56.153.189&amp;flowname=glifwebsignin&amp;flowentry=servicelogin,13,381,3,0,0,11,2,1.9183,0,0.2264,0.1592,0,1,1,0,-1,-1,0,0,0,0,0,0,0,0,0,0,1
https://www.maxim.com,13,0,2,0,0,2,1,-0.0,0,0.0,0.2381,0,0,0,0,-1,-1,0,0,0,0,0,0,0,0,0,0,0
https://www.ipify.org,13,0,2,0,0,2,1,-0.0,0,0.0,0.2381,0,0,0,0,-1,-1,0,0,0,0,0,0,0,0,0,1,0
https://www.donttakepictures.com,24,0,2,0,0,2,1,-0.0,0,0.0,0.1562,0,0,0,0,-1,-1,0,0,0,0,0,0,0,0,0,1,0
https://www.dappercadaver.com,21,0,2,0,0,2,1,-0.0,0,0.0,0.1724,0,0,0,0,-1,-1,0,0,0,0,0,0,0,0,0,0,0
https://www.darkinkart.com,18,0,2,0,0,2,1,-0.0,0,0.0,0.1923,0,0,0,0,-1,-1,0,0,0,0,0,0,0,0,0,0,0
http://www.estatecondos.com,20,0,2,0,0,2,1,-0.0,0,0.0,0.1852,0,0,0,0,-1,-1,0,0,0,0,0,0,0,0,0,0,1
http://fvch.co.uk/mpzu99q,10,8,2,0,0,3,0,0.0,0,0.08,0.24,0,0,0,0,-1,-1,0,0,0,0,0,0,0,0,0,0,1
https://www.airlinepilotcentral.com,27,0,2,0,0,2,1,-0.0,0,0.0,0.1429,0,0,0,0,-1,-1,0,0,0,0,0,0,0,0,0,0,0
http://www.gemstatedev.com,19,0,2,0,0,2,1,-0.0,0,0.0,0.1923,0,0,0,0,-1,-1,0,0,0,0,0,0,0,0,0,1,1
http://www.youtubemail.club,20,0,2,0,0,2,1,-0.0,0,0.0,0.1852,1,0,0,0,-1,-1,0,0,0,0,0,0,0,0,0,0,1
https://www.macenhance.com,18,0,2,0,0,2,1,-0.0,0,0.0,0.1923,0,0,0,0,-1,-1,0,0,0,0,0,0,0,0,0,1,0
https://www.andykerr.net,16,0,2,0,0,2,1,-0.0,0,0.0,0.2083,0,0,0,0,-1,-1,0,0,0,1,0,0,0,0,0,1,0
https://www.youngnails.com,18,0,2,0,0,2,1,-0.0,0,0.0,0.1923,0,0,0,0,-1,-1,0,0,0,0,0,0,0,0,0,0,0
https://www.coryzue.com,15,0,2,0,0,2,1,-0.0,0,0.0,0.2174,0,0,0,0,-1,-1,0,0,0,0,0,0,0,0,0,0,0
https://tinyurl.com/5esfb-pagersconfirmss,11,22,1,0,0,3,0,0.0,0,0.0244,0.1463,0,0,1,0,-1,-1,0,0,0,0,0,0,0,0,0,0,1
https://www.ejisinc.com,15,0,2,0,0,2,1,-0.0,0,0.0,0.2174,0,0,0,0,-1,-1,0,0,0,0,0,0,0,0,0,0,0
https://2ww.me/f00sr,6,6,1,0,0,3,0,0.0,0,0.15,0.25,0,0,0,0,-1,-1,0,0,0,0,0,0,0,0,0,0,1
http://www.andresmiralles.com,22,0,2,0,0,2,1,-0.0,0,0.0,0.1724,0,0,0,0,-1,-1,0,0,0,0,0,0,0,0,0,0,1
http://www.towncentrehotels.com,24,0,2,0,0,2,1,-0.0,0,0.0,0.1613,0,0,0,0,-1,-1,0,0,0,0,0,0,0,0,0,0,1
http://www.4418.com,12,0,2,0,0,2,1,-0.0,0,0.2105,0.2632,0,0,0,0,-1,-1,0,0,0,0,0,0,0,0,0,0,1
https://www.epicgardening.com,21,0,2,0,0,2,1,-0.0,0,0.0,0.1724,0,0,0,0,-1,-1,0,0,0,0,0,0,0,0,0,0,0
http://www.whereisip.net,17,0,2,0,0,2,1,-0.0,0,0.0,0.2083,0,0,0,0,-1,-1,0,0,0,0,0,0,0,0,0,1,1
https://www.tegola.org.uk,17,0,3,0,0,2,1,-0.0,0,0.0,0.24,0,0,0,0,-1,-1,0,0,0,0,0,0,0,0,0,1,0
https://www.eastshoremodern.com,23,0,2,0,0,2,1,-0.0,0,0.0,0.1613,0,0,0,0,-1,-1,0,0,0,0,0,0,0,0,0,0,0
https://www.jbis.jp,11,0,2,0,0,2,1,-0.0,0,0.0,0.2632,0,0,0,0,-1,-1,0,0,0,1,0,1,1,0,1,1,0
https://www.seat.com,12,0,2,0,0,2,1,-0.0,0,0.0,0.25,0,0,0,0,-1,-1,0,0,0,1,0,1,1,0,0,1,0
http://www.alkol.avx.pl/7zdpptri,16,9,3,0,0,3,2,2.4194,0,0.0312,0.2188,0,0,0,0,-1,-1,0,0,0,0,0,0,0,0,0,0,1
https://www.drax.com,12,0,2,0,0,2,1,-0.0,0,0.0,0.25,0,0,0,0,-1,-1,0,0,0,0,0,0,0,0,0,0,0
https://app-acending-owners2023.start.page/,34,1,2,2,0,3,1,3.882,0,0.093,0.186,0,0,0,0,-1,-1,0,0,0,0,0,0,0,0,0,1,1
https://www.ramtha.com,14,0,2,0,0,2,1,-0.0,0,0.0,0.2273,0,0,0,0,-1,-1,0,0,0,0,0,9,0,0,1,1,0
https://piscinaveronza.com/hesh/dpd/98fe2/,18,16,1,0,0,6,0,0.0,0,0.0714,0.1905,0,0,0,0,-1,-1,0,0,0,0,0,1,0,0,0,1,1
http://fhdk.simply-winspace.it/postal/fr/manage.compte/,23,25,2,1,0,6,1,2.0,0,0.0,0.2,0,0,0,0,-1,-1,0,0,0,0,0,0,0,0,0,0,1
https://www.vpnifyapp.com,17,0,2,0,0,2,1,-0.0,0,0.0,0.2,0,0,0,0,-1,-1,0,0,0,0,0,0,0,0,0,0,0
https://www.hattons.co.uk,17,0,3,0,0,2,1,-0.0,0,0.0,0.24,0,0,0,0,-1,-1,0,0,0,0,0,0,0,0,0,0,0
https://www.gedc.wa.gov.au,18,0,4,0,0,2,2,2.4056,0,0.0,0.2692,0,0,0,0,-1,-1,0,0,0,0,0,0,0,0,0,0,0
https://www.metropictures.com,21,0,2,0,0,2,1,-0.0,0,0.0,0.1724,0,0,0,0,-1,-1,0,0,0,0,0,0,0,0,0,1,0
https://www.robgolfi.com,16,0,2,0,0,2,1,-0.0,0,0.0,0.2083,0,0,0,0,-1,-1,0,0,0,0,0,0,0,0,0,0,0
http://www.detentionart.com,20,0,2,0,0,2,1,-0.0,0,0.0,0.1852,0,0,0,0,-1,-1,0,0,0,0,0,0,0,0,0,0,1
http://www.ragjohn.com,15,0,2,0,0,2,1,-0.0,0,0.0,0.2273,0,0,0,0,-1,-1,0,0,0,0,0,0,0,0,0,1,1
http://celesta.primahoster.nl/archivejournal/css/,22,20,2,0,0,5,1,2.5216,0,0.0,0.1633,0,0,0,0,-1,-1,0,0,0,0,0,0,0,0,0,0,1
http://www.pandemi1000tldestekvakti.rf.gd,34,0,3,0,0,2,2,3.8424,0,0.0976,0.1463,0,0,0,0,-1,-1,0,0,0,0,0,0,0,0,0,0,1
https://www.digitalezivilgesellschaft.org,33,0,2,0,0,2,1,-0.0,0,0.0,0.122,0,0,0,0,-1,-1,0,0,0,0,0,0,0,0,0,1,0
http://www.granitemastercolumbus.com/,29,1,2,0,0,3,1,-0.0,0,0.0,0.1622,0,0,0,0,-1,-1,0,0,0,0,0,0,0,0,0,1,1
http://bro4.com/bdb37,8,6,1,0,0,3,0,0.0,0,0.1429,0.2381,0,0,0,0,-1,-1,0,0,0,0,0,0,0,0,0,0,1
https://tinyurl.com/56hb78b9,11,9,1,0,0,3,0,0.0,0,0.1786,0.1786,0,0,0,0,-1,-1,0,0,0,0,0,0,0,0,0,0,1
https://www.bornova.bel.tr,18,0,3,0,0,2,2,2.8454,0,0.0,0.2308,0,0,0,0,-1,-1,0,0,0,0,0,0,0,0,0,0,0
https://www.poppiesbeadsnmore.com,25,0,2,0,0,2,1,-0.0,0,0.0,0.1515,0,0,0,0,-1,-1,0,0,0,0,0,0,0,0,0,0,0
http://www.unitedmedsshop.com,22,0,2,0,0,2,1,-0.0,0,0.0,0.1724,0,0,0,0,-1,-1,0,0,0,0,0,0,0,0,0,0,1
http://www.am8866.com,14,0,2,0,0,2,1,-0.0,0,0.1905,0.2381,0,0,0,0,-1,-1,0,0,0,0,0,0,0,0,0,0,1
https://www.sheldon.studio,18,0,2,0,0,2,1,-0.0,0,0.0,0.1923,0,0,0,0,-1,-1,0,0,0,0,0,0,0,0,0,0,0
https://www.mitmproxy.org,17,0,2,0,0,2,1,-0.0,0,0.0,0.2,0,0,0,0,-1,-1,0,0,0,0,0,0,0,0,0,0,0
https://www.syntechsigns.com,20,0,2,0,0,2,1,-0.0,0,0.0,0.1786,0,0,0,0,-1,-1,0,0,0,0,0,0,0,0,0,0,0
https://att-user-y6fhvrerdgdgd4s.boxmode.io/,35,1,2,2,0,3,1,3.7721,0,0.0455,0.1818,0,0,0,0,-1,-1,0,0,0,0,0,0,0,0,0,0,1
http://www.worldfoodstory.co.uk,24,0,3,0,0,2,1,-0.0,0,0.0,0.1935,0,0,0,0,-1,-1,0,0,0,0,0,0,0,0,0,0,1
http://artlitera.ro/wp-content/cache/message/,12,26,1,0,0,6,0,0.0,0,0.0,0.2,0,0,0,0,-1,-1,0,0,0,0,0,1,1,0,0,1,1
http://www.synclogs.com,16,0,2,0,0,2,1,-0.0,0,0.0,0.2174,0,0,0,0,-1,-1,0,0,0,0,0,0,0,0,0,0,1
https://www.stpsb.org,13,0,2,0,0,2,1,-0.0,0,0.0,0.2381,0,0,0,0,-1,-1,0,0,0,0,0,0,0,0,0,0,0
http://www.firsattrade.com,19,0,2,0,0,2,1,-0.0,0,0.0,0.1923,0,0,0,0,-1,-1,0,0,0,1,0,0,0,0,0,1,1
https://kathmanduhealing.org/,20,1,1,0,0,3,0,0.0,0,0.0,0.1724,0,0,0,0,-1,-1,0,0,0,0,0,0,0,0,0,0,1
http://www.h7a5aa4126d79300462e70e8f548d293cb.ws,41,0,2,0,0,2,1,-0.0,0,0.4792,0.1042,0,0,0,0,-1,-1,0,0,0,0,0,0,0,0,0,0,1
http://www.icitek.com,14,0,2,0,0,2,1,-0.0,0,0.0,0.2381,0,0,0,0,-1,-1,0,0,0,0,0,0,0,0,0,0,1
https://www.ampeddistribution.com,25,0,2,0,0,2,1,-0.0,0,0.0,0.1515,0,0,0,0,-1,-1,0,0,0,0,0,0,0,0,0,0,0
http://www.canineconquest.com,22,0,2,0,0,2,1,-0.0,0,0.0,0.1724,0,0,0,0,-1,-1,0,0,0,0,0,0,0,0,0,0,1
http://space4elephants.org/74t3nf4gv4,19,11,1,0,0,3,0,0.0,0,0.1622,0.1351,0,0,0,0,-1,-1,0,0,0,0,0,0,0,1,0,1,1
https://www.arizton.com,15,0,2,0,0,2,1,-0.0,0,0.0,0.2174,0,0,0,0,-1,-1,0,0,0,0,0,0,0,0,0,0,0
http://www.th.cl,9,0,2,0,0,2,1,-0.0,0,0.0,0.3125,0,0,0,0,-1,-1,0,0,0,0,0,0,0,0,0,1,1
https://www.jostrans.org,16,0,2,0,0,2,1,-0.0,0,0.0,0.2083,0,0,0,0,-1,-1,0,0,0,1,1,0,0,0,0,0,0
http://www.cstechnology.org,20,0,2,0,0,2,1,-0.0,0,0.0,0.1852,0,0,0,0,-1,-1,0,0,0,0,0,0,0,0,0,0,1
https://www.welshsoccerarchive.co.uk,28,0,3,0,0,2,1,-0.0,0,0.0,0.1667,0,0,0,0,-1,-1,0,0,0,0,0,0,0,0,0,1,0
http://www.artnfoods.guru,18,0,2,0,0,2,1,-0.0,0,0.0,0.2,0,0,0,0,-1,-1,0,0,0,0,0,0,0,0,0,0,1
http://www.fronterapost.house,22,0,2,0,0,2,1,-0.0,0,0.0,0.1724,0,0,0,0,-1,-1,0,0,0,0,0,0,0,0,0,1,1
http://whitesports.co.kr,17,0,2,0,0,2,0,0.0,0,0.0,0.2083,0,0,0,0,-1,-1,0,0,0,0,0,1,0,0,0,1,1
http://www.nlawyers.com,16,0,2,0,0,2,1,-0.0,0,0.0,0.2174,0,0,0,0,-1,-1,0,0,0,0,0,0,0,0,0,0,1
http://www.american.blackcmd.com,25,0,3,0,0,2,2,3.0221,0,0.0,0.1875,0,0,0,0,-1,-1,0,0,0,0,0,0,0,0,0,0,1
http://www.nexkraft.com/vendor/myclabs/deep-copy/src/paypackage/hkanhd595anhjd/20232723-50tw41861547uid_25012021-tw-id_url.html=db8a7bc9f31c2dc0b54d90b446a578e6f2,16,139,2,0,0,9,1,-0.0,0,0.2963,0.1235,0,0,0,0,-1,-1,0,0,0,0,0,0,0,0,0,0,1
https://www.codman.org,14,0,2,0,0,2,1,-0.0,0,0.0,0.2273,0,0,0,0,-1,-1,0,0,0,0,0,0,0,0,0,0,0
https://www.sergeferrari.com,20,0,2,0,0,2,1,-0.0,0,0.0,0.1786,0,0,0,0,-1,-1,0,0,1,1,0,1,1,0,0,1,0
https://www.vizwiz.com,14,0,2,0,0,2,1,-0.0,0,0.0,0.2273,0,0,0,0,-1,-1,0,0,1,1,0,14,0,0,1,1,0
https://vaneldangueldase.firebaseapp.com/,32,1,2,0,0,3,1,3.0306,0,0.0,0.1463,0,0,0,0,-1,-1,0,0,0,0,0,0,0,0,0,0,1
http://www.thestudio-ct.co.uk,22,0,3,1,0,2,1,-0.0,0,0.0,0.2414,0,0,0,0,-1,-1,0,0,0,0,0,0,0,0,0,1,1
https://www.rocktopsfabrication.com,27,0,2,0,0,2,1,-0.0,0,0.0,0.1429,0,0,0,0,-1,-1,0,0,0,1,0,0,0,1,0,1,0
http://www.raztrans.com,16,0,2,0,0,2,1,-0.0,0,0.0,0.2174,0,0,0,0,-1,-1,0,0,0,0,0,0,0,0,0,1,1
https://www.glastoearth.com,19,0,2,0,0,2,1,-0.0,0,0.0,0.1852,0,0,0,0,-1,-1,0,0,0,1,0,0,0,0,0,1,0
https://tinyurl.com/fzt4rsh3,11,9,1,0,0,3,0,0.0,0,0.0714,0.1786,0,0,0,0,-1,-1,0,0,0,0,0,0,0,0,0,0,1
https://www.thomaswalltrust.org.uk,26,0,3,0,0,2,1,-0.0,0,0.0,0.1765,0,0,0,0,-1,-1,0,0,0,0,0,0,0,0,0,0,0
https://www.alleghenyconference.org,27,0,2,0,0,2,1,-0.0,0,0.0,0.1429,0,0,0,0,-1,-1,0,0,0,1,0,2,1,1,0,1,0
https://www.ftmc.lt,11,0,2,0,0,2,1,-0.0,0,0.0,0.2632,0,0,0,0,-1,-1,0,0,0,1,0,0,0,0,0,1,0
https://www.juwi.com,12,0,2,0,0,2,1,-0.0,0,0.0,0.25,0,0,0,0,-1,-1,0,0,0,0,0,0,0,0,0,1,0
https://thebestrooferla.com/ce-web/18848,19,13,1,0,0,4,0,0.0,0,0.125,0.175,0,0,0,0,-1,-1,0,0,0,0,0,0,0,0,0,0,1
https://www.wingas.com,14,0,2,0,0,2,1,-0.0,0,0.0,0.2273,0,0,0,0,-1,-1,0,0,0,1,0,1,1,0,0,1,0
https://www.heraediciones.es,20,0,2,0,0,2,1,-0.0,0,0.0,0.1786,0,0,0,0,-1,-1,0,0,0,1,0,0,0,0,0,1,0
https://www.printsunglasses.com,23,0,2,0,0,2,1,-0.0,0,0.0,0.1613,0,0,0,0,-1,-1,0,0,0,0,0,0,0,0,0,0,0
http://timewalk.me/,11,1,1,0,0,3,0,0.0,0,0.0,0.2632,0,0,0,0,-1,-1,0,0,0,0,0,0,0,0,0,0,1
https://www.jwcs.org,12,0,2,0,0,2,1,-0.0,0,0.0,0.25,0,0,0,0,-1,-1,0,0,0,1,0,0,0,0,0,1,0
http://phauthuatngucuytin.com/libraries/focus/,22,17,1,0,0,5,0,0.0,0,0.0,0.1522,0,0,0,0,-1,-1,0,0,0,0,0,0,0,0,1,1,1
https://nodeunblocker.net/proxy/https:/www.mercadolibre.com/jms/mlm/lgz/login?platform_id=ml&go=https://articulo.mercadolibre.com.mx/mlm-1405430125-toner-hp-507a-amarillo-original-6000-paginas-ce402a-_jm&logintype=explicit,17,196,1,0,0,12,0,0.0,0,0.0901,0.1757,0,0,1,0,-1,-1,0,0,0,0,0,0,0,0,0,0,1
https://www.birminghamleisure.com,25,0,2,0,0,2,1,-0.0,0,0.0,0.1515,0,0,0,0,-1,-1,0,0,0,0,0,1,1,0,0,1,0
https://www.letscruise.co.nz,20,0,3,0,0,2,1,-0.0,0,0.0,0.2143,0,0,0,0,-1,-1,0,0,0,1,0,0,0,0,0,1,0
https://www.domain.hu,13,0,2,0,0,2,1,-0.0,0,0.0,0.2381,0,0,0,0,-1,-1,0,0,0,1,0,1,1,0,0,1,0
https://www.kirmus.ee,13,0,2,0,0,2,1,-0.0,0,0.0,0.2381,0,0,0,0,-1,-1,0,0,0,1,0,1,0,0,0,1,0
https://www.amerikaovozi.com,20,0,2,0,0,2,1,-0.0,0,0.0,0.1786,0,0,0,0,-1,-1,0,0,0,0,0,0,0,0,0,0,0
https://www.wilanderonwheels.com,24,0,2,0,0,2,1,-0.0,0,0.0,0.1562,0,0,0,0,-1,-1,0,0,0,1,0,1,0,0,0,1,0
https://www.upstreamgallery.nl,22,0,2,0,0,2,1,-0.0,0,0.0,0.1667,0,0,0,0,-1,-1,0,0,0,1,0,0,0,0,0,1,0
https://www.atlas.d-waste.com,21,0,3,1,0,2,2,2.4194,0,0.0,0.2414,0,0,0,0,-1,-1,0,0,0,0,0,0,0,0,0,0,0
https://www.searchwithin.org,20,0,2,0,0,2,1,-0.0,0,0.0,0.1786,0,0,0,0,-1,-1,0,0,1,1,0,0,0,0,0,1,0
http://www.3dpixelstudio.co,20,0,2,0,0,2,1,-0.0,0,0.037,0.1852,0,0,0,0,-1,-1,0,0,0,0,0,0,0,0,0,0,1
http://www.arabiacranes.com,20,0,2,0,0,2,1,-0.0,0,0.0,0.1852,0,0,0,0,-1,-1,0,0,0,0,0,0,0,0,0,0,1
http://crashtide.com/wp-content/plugins/docsign/d61ef5d4426339f06125a700fa6182d1/,13,61,1,0,0,7,0,0.0,0,0.284,0.1235,0,0,0,0,-1,-1,0,0,1,1,0,0,0,0,0,1,1
https://nasfrost.myportfolio.com/,24,1,2,0,0,3,1,2.75,0,0.0,0.1818,0,0,0,0,-1,-1,0,0,0,0,0,0,0,0,0,0,1
https://pavenises.web.app/,17,1,2,0,0,3,1,2.7255,0,0.0,0.2308,0,0,0,0,-1,-1,0,0,0,0,0,0,0,0,0,0,1
http://www.futureteam.ch,17,0,2,0,0,2,1,-0.0,0,0.0,0.2083,0,0,0,0,-1,-1,0,0,0,0,0,0,0,0,0,1,1
https://www.powertransformernews.com,28,0,2,0,0,2,1,-0.0,0,0.0,0.1389,0,0,0,0,-1,-1,0,0,0,0,0,0,0,0,0,0,0
https://www.wallpaperflare.com,22,0,2,0,0,2,1,-0.0,0,0.0,0.1667,0,0,0,0,-1,-1,0,0,0,0,0,0,0,0,0,0,0
https://www.jkd.gr,10,0,2,0,0,2,1,-0.0,0,0.0,0.2778,0,0,0,0,-1,-1,0,0,0,0,0,5,0,0,0,1,0
http://www.electrumpatch.com,21,0,2,0,0,2,1,-0.0,0,0.0,0.1786,0,0,0,0,-1,-1,0,0,0,0,0,0,0,0,0,0,1
https://www.retra-uwt.com,17,0,2,1,0,2,1,-0.0,0,0.0,0.24,0,0,0,0,-1,-1,0,0,0,0,0,0,0,0,0,0,0
https://www.bcn.travel,14,0,2,0,0,2,1,-0.0,0,0.0,0.2273,0,0,0,0,-1,-1,0,0,0,0,0,0,0,0,0,0,0
https://www.startriteshoes.com,22,0,2,0,0,2,1,-0.0,0,0.0,0.1667,0,0,0,0,-1,-1,0,0,0,0,0,0,0,0,0,0,0
http://nytech.dk/components/com_contact/hsg.exe,9,31,1,0,0,5,0,0.0,0,0.0,0.1915,0,0,0,0,-1,-1,0,0,0,1,0,0,0,0,0,1,1
https://www.ritiriwaz.com,17,0,2,0,0,2,1,-0.0,0,0.0,0.2,0,0,0,0,-1,-1,0,0,0,1,0,0,0,0,0,1,0
https://www.casinoonlineaams.com,24,0,2,0,0,2,1,-0.0,0,0.0,0.1562,0,0,0,0,-1,-1,0,0,0,1,0,0,0,0,0,1,0
http://www.ubique.works,16,0,2,0,0,2,1,-0.0,0,0.0,0.2174,0,0,0,0,-1,-1,0,0,0,0,0,0,0,0,0,0,1
http://adessa.kr/bbs/login_check.php,9,20,1,0,0,4,0,0.0,0,0.0,0.2222,0,0,1,0,-1,-1,0,0,0,0,0,0,0,0,0,0,1
http://atlescopco.com/master/diamond/gate.php?p=1,14,27,1,0,0,5,0,0.0,0,0.0204,0.2041,0,0,0,0,-1,-1,0,0,0,0,0,0,0,0,0,1,1
https://www.readygallatin.com,21,0,2,0,0,2,1,-0.0,0,0.0,0.1724,0,0,0,0,-1,-1,0,0,0,0,0,1,0,0,0,1,0
https://www.operasaratoga.org,21,0,2,0,0,2,1,-0.0,0,0.0,0.1724,0,0,0,0,-1,-1,0,0,0,0,0,0,0,0,0,1,0
http://valiantapex.com/styles/ike/zim.html,15,20,1,0,0,5,0,0.0,0,0.0,0.1905,0,0,0,0,-1,-1,0,0,0,0,0,0,0,0,0,0,1
http://image-web.com/plugins/countto/dropboxjancag,13,30,1,1,0,5,0,0.0,0,0.0,0.16,0,0,0,0,-1,-1,0,0,0,0,0,0,0,0,0,0,1
https://www.sarvodaya.org,17,0,2,0,0,2,1,-0.0,0,0.0,0.2,0,0,0,0,-1,-1,0,0,0,0,0,0,0,0,0,0,0
https://www.otemon.ac.jp,16,0,3,0,0,2,1,-0.0,0,0.0,0.25,0,0,0,0,-1,-1,0,0,0,1,0,0,0,0,0,1,0
https://www.familyrubies.com,20,0,2,0,0,2,1,-0.0,0,0.0,0.1786,0,0,0,0,-1,-1,0,0,0,1,0,0,0,0,0,1,0
http://www.blogafonte.com,18,0,2,0,0,2,1,-0.0,0,0.0,0.2,0,0,0,0,-1,-1,0,0,1,1,0,0,0,0,0,1,1
https://www.ztree.com,13,0,2,0,0,2,1,-0.0,0,0.0,0.2381,0,0,0,0,-1,-1,0,0,0,0,0,0,0,0,0,1,0
http://activarbpdc.vastserve.com/,25,1,2,0,0,3,1,3.0958,0,0.0,0.1818,0,0,0,0,-1,-1,0,0,0,0,0,0,0,0,0,0,1
http://www.webwire.com,15,0,2,0,0,2,1,-0.0,0,0.0,0.2273,0,0,0,0,-1,-1,0,0,0,0,0,0,0,0,0,1,1
http://winpmailkhariton.vetpayee.com/forums/viewtopic.php?t=98&amp;f=5422jnjk.j0j91880&amp;,29,54,2,0,0,4,1,3.4528,0,0.1319,0.1758,0,0,0,0,-1,-1,0,0,0,0,0,0,0,0,0,0,1
http://www.grzegorzkucharski.com,25,0,2,0,0,2,1,-0.0,0,0.0,0.1562,0,0,0,0,-1,-1,0,0,0,0,0,0,0,0,0,1,1
http://www.update-sys-android.com,26,0,2,2,0,2,1,-0.0,0,0.0,0.2121,0,0,1,0,-1,-1,0,0,0,0,0,1,1,0,0,1,1
https://www.biozentrum.unibas.ch,24,0,3,0,0,2,2,3.4677,0,0.0,0.1875,0,0,0,0,-1,-1,0,0,0,0,0,1,0,0,0,1,0
http://www.rewardprogram.allalla.com,29,0,3,0,0,2,2,3.0286,0,0.0,0.1667,0,0,0,0,-1,-1,0,0,0,0,0,0,0,0,0,0,1
https://www.hfg-gmuend.de,17,0,2,1,0,2,1,-0.0,0,0.0,0.24,0,0,0,0,-1,-1,0,0,0,1,0,1,1,0,0,1,0
https://www.mynewmexicogolf.com,23,0,2,0,0,2,1,-0.0,0,0.0,0.1613,0,0,0,0,-1,-1,0,0,0,0,0,0,0,0,0,1,0
https://www.studiorafaelpires.com.br,28,0,3,0,0,2,1,-0.0,0,0.0,0.1667,0,0,0,0,-1,-1,0,0,0,0,0,0,0,0,0,1,1
http://www.budilnik.com,16,0,2,0,0,2,1,-0.0,0,0.0,0.2174,0,0,0,0,-1,-1,0,0,1,1,1,1,0,0,0,1,1
https://www.belgianairtravel.be,23,0,2,0,0,2,1,-0.0,0,0.0,0.1613,0,0,0,0,-1,-1,0,0,0,1,0,0,0,0,0,1,0
http://www.aryabhattahighschool.com,28,0,2,0,0,2,1,-0.0,0,0.0,0.1429,0,0,0,0,-1,-1,0,0,0,0,0,0,0,0,0,0,1
http://www.homeftp.net,15,0,2,0,0,2,1,-0.0,0,0.0,0.2273,0,0,0,0,-1,-1,0,0,0,0,0,0,0,0,0,0,1
https://www.ancient-stadium-plovdiv.eu,30,0,2,2,0,2,1,-0.0,0,0.0,0.1842,0,0,0,0,-1,-1,0,0,1,0,0,0,0,0,0,1,0
https://webmail-cisco.firebaseapp.com/,29,1,2,1,0,3,1,3.3927,0,0.0,0.1842,0,0,0,0,-1,-1,0,0,0,0,0,0,0,0,0,0,1
https://www.birdsyard.co.uk,19,0,3,0,0,2,1,-0.0,0,0.0,0.2222,0,0,0,0,-1,-1,0,0,0,0,0,0,0,0,0,0,0
https://www.naturallyflawlessbeauty.com,31,0,2,0,0,2,1,-0.0,0,0.0,0.1282,0,0,0,0,-1,-1,0,0,0,0,0,0,0,0,0,1,0
http://v.iew.im/AVyLRp,8,7,2,0,0,3,1,-0.0,0,0.0,0.2727,0,0,0,0,-1,-1,0,0,0,0,0,1,1,0,0,1,1
https://www.nikon.com,13,0,2,0,0,2,1,-0.0,0,0.0,0.2381,0,0,0,0,-1,-1,0,0,0,1,0,1,0,0,0,0,0
http://baomoji.com/y6amo,11,6,1,0,0,3,0,0.0,0,0.0417,0.2083,0,0,0,0,-1,-1,0,0,0,0,0,0,0,0,0,0,1
https://www.msudenver.edu,17,0,2,0,0,2,1,-0.0,0,0.0,0.2,0,0,0,0,-1,-1,0,0,0,0,0,0,0,0,0,0,0
http://www.akiaymoster1.com,20,0,2,0,0,2,1,-0.0,0,0.037,0.1852,0,0,0,0,-1,-1,0,0,0,0,0,0,0,0,0,0,1
https://www.tonypacko.com,17,0,2,0,0,2,1,-0.0,0,0.0,0.2,0,0,0,0,-1,-1,0,0,0,0,0,0,0,0,0,0,0
https://www.curlie.org,14,0,2,0,0,2,1,-0.0,0,0.0,0.2273,0,0,0,0,-1,-1,0,0,0,0,0,0,0,0,0,1,0
http://www.rokitreach.com,18,0,2,0,0,2,1,-0.0,0,0.0,0.2,0,0,0,0,-1,-1,0,0,0,0,0,0,0,0,0,0,1
https://www.selvacriativa.com.br,24,0,3,0,0,2,1,-0.0,0,0.0,0.1875,0,0,0,0,-1,-1,0,0,0,0,0,0,0,0,0,0,0
http://www.webhusethost.dk,19,0,2,0,0,2,1,-0.0,0,0.0,0.1923,0,0,0,0,-1,-1,0,0,0,0,0,0,0,0,0,0,1
http://maticinverstmentcompanyltd.yolasite.com/contact.php,39,12,2,0,0,3,1,3.7193,0,0.0,0.1207,0,0,0,0,-1,-1,0,0,0,1,0,0,0,0,0,1,1
https://www.ncforeigncar.com,20,0,2,0,0,2,1,-0.0,0,0.0,0.1786,0,0,0,0,-1,-1,0,0,0,1,0,0,0,0,0,1,0
http://www.businessesstransformed.com,30,0,2,0,0,2,1,-0.0,0,0.0,0.1351,0,0,0,0,-1,-1,0,0,0,0,0,0,0,0,0,0,1
http://www.f.gp,8,0,2,0,0,2,1,-0.0,0,0.0,0.3333,0,0,0,0,-1,-1,0,0,0,0,0,0,0,0,0,1,1
http://www.is-uberleet.com,19,0,2,1,0,2,1,-0.0,0,0.0,0.2308,0,0,0,0,-1,-1,0,0,1,1,0,0,0,0,0,1,1
http://www.costabrava.bee.pl,21,0,3,0,0,2,2,3.1281,0,0.0,0.2143,0,0,0,0,-1,-1,0,0,0,0,0,0,0,0,0,0,1
https://www.kanazawa21.jp,17,0,2,0,0,2,1,-0.0,0,0.08,0.2,0,0,0,0,-1,-1,0,0,0,1,0,2,1,0,0,1,0
https://www.azobuild.com,16,0,2,0,0,2,1,-0.0,0,0.0,0.2083,0,0,0,0,-1,-1,0,0,0,0,0,0,0,0,0,0,0
http://www.dontexist.net,17,0,2,0,0,2,1,-0.0,0,0.0,0.2083,0,0,0,0,-1,-1,0,0,0,0,0,0,0,0,0,0,1
https://www.tresco.co.uk,16,0,3,0,0,2,1,-0.0,0,0.0,0.25,0,0,0,0,-1,-1,0,0,0,1,0,2,1,0,0,1,0
https://www.id-nee.nl,13,0,2,1,0,2,1,-0.0,0,0.0,0.2857,0,0,0,0,-1,-1,0,0,0,1,0,0,0,0,0,1,0
https://www.oregon-demographics.com,27,0,2,1,0,2,1,-0.0,0,0.0,0.1714,0,0,0,0,-1,-1,0,0,0,0,0,0,0,0,0,0,0
http://www.thundervetclinic.com,24,0,2,0,0,2,1,-0.0,0,0.0,0.1613,0,0,0,0,-1,-1,0,0,0,0,0,0,0,0,0,0,1
http://www.dmdamedia.hu,16,0,2,0,0,2,1,-0.0,0,0.0,0.2174,0,0,0,0,-1,-1,0,0,0,0,0,0,0,0,0,0,1
http://www.amiando.com,15,0,2,0,0,2,1,-0.0,0,0.0,0.2273,0,0,0,0,-1,-1,0,0,0,1,0,0,0,0,0,1,1
http://www.misfx79gqr3b10vpkj9e7a19h.net,33,0,2,0,0,2,1,-0.0,0,0.225,0.125,0,0,0,0,-1,-1,0,0,0,0,0,0,0,0,0,0,1
http://www.unmineable.com,18,0,2,0,0,2,1,-0.0,0,0.0,0.2,0,0,0,0,-1,-1,0,0,0,0,0,0,0,0,0,0,1
https://www.internationalnewsandviews.com,33,0,2,0,0,2,1,-0.0,0,0.0,0.122,0,0,0,0,-1,-1,0,0,0,0,0,0,0,0,0,0,0
https://www.stcoleman.org,17,0,2,0,0,2,1,-0.0,0,0.0,0.2,0,0,0,0,-1,-1,0,0,0,1,0,1,0,0,0,1,0
https://www.brm.io,10,0,2,0,0,2,1,-0.0,0,0.0,0.2778,0,0,0,0,-1,-1,0,0,0,0,0,0,0,0,0,1,0
https://www.torrentsafe.com,19,0,2,0,0,2,1,-0.0,0,0.0,0.1852,0,0,0,0,-1,-1,0,0,0,0,0,0,0,0,0,0,0
http://www.urbanbasis.com,18,0,2,0,0,2,1,-0.0,0,0.0,0.2,0,0,0,0,-1,-1,0,0,1,1,0,0,0,0,0,1,1
https://www.culturecreature.com,23,0,2,0,0,2,1,-0.0,0,0.0,0.1613,0,0,0,0,-1,-1,0,0,0,0,0,0,0,0,0,0,0
https://www.copingcatparents.com,24,0,2,0,0,2,1,-0.0,0,0.0,0.1562,0,0,0,0,-1,-1,0,0,0,0,0,0,0,0,0,0,0
http://www.remowork.ru,15,0,2,0,0,2,1,-0.0,0,0.0,0.2273,1,0,0,0,-1,-1,0,0,0,0,0,0,0,0,0,0,1
https://www.enbolivia.com/file/tor/,17,10,2,0,0,5,1,-0.0,0,0.0,0.2286,0,0,0,0,-1,-1,0,0,0,1,0,0,0,0,1,1,1
https://www.isdscotland.org,19,0,2,0,0,2,1,-0.0,0,0.0,0.1852,0,0,0,0,-1,-1,0,0,0,1,0,1,1,0,0,1,0
https://www.rogerdeakins.com,20,0,2,0,0,2,1,-0.0,0,0.0,0.1786,0,0,0,0,-1,-1,0,0,0,1,1,0,0,0,0,1,0
https://www.nordicmade.com,18,0,2,0,0,2,1,-0.0,0,0.0,0.1923,0,0,0,0,-1,-1,0,0,0,0,0,0,0,0,0,0,0
https://www.hotscripts.com,18,0,2,0,0,2,1,-0.0,0,0.0,0.1923,0,0,0,0,-1,-1,0,0,0,0,0,0,0,0,0,0,0
http://www.buehler-mechanik.de,23,0,2,1,0,2,1,-0.0,0,0.0,0.2,0,0,0,0,-1,-1,0,0,0,0,0,0,0,0,0,0,1
https://www.foxductcleaning.com,23,0,2,0,0,2,1,-0.0,0,0.0,0.1613,0,0,0,0,-1,-1,0,0,0,0,0,0,0,0,0,0,0
http://ccjlwb22w6c22p2k.onion.city/,27,1,2,0,0,3,1,2.8522,0,0.1714,0.1714,0,0,0,0,-1,-1,0,0,0,0,0,0,0,0,1,1,1
http://www.senbiaojita.com,19,0,2,0,0,2,1,-0.0,0,0.0,0.1923,0,0,0,0,-1,-1,0,0,0,0,0,0,0,0,0,0,1
https://www.tenden.us,13,0,2,0,0,2,1,-0.0,0,0.0,0.2381,0,0,0,0,-1,-1,0,0,0,0,0,0,0,0,0,0,0
https://www.nwlasvegasvets.com,22,0,2,0,0,2,1,-0.0,0,0.0,0.1667,0,0,0,0,-1,-1,0,0,0,1,0,2,1,0,0,1,0
https://www.teach123school.com,22,0,2,0,0,2,1,-0.0,0,0.1,0.1667,0,0,0,0,-1,-1,0,0,0,0,0,0,0,0,1,1,0
https://www.montchevre.com,18,0,2,0,0,2,1,-0.0,0,0.0,0.1923,0,0,0,0,-1,-1,0,0,0,0,0,1,1,0,0,1,0
http://www.schemeconnect.com,21,0,2,0,0,2,1,-0.0,0,0.0,0.1786,0,0,0,0,-1,-1,0,0,0,0,0,0,0,0,0,0,1
http://www.adfs-senate.email,21,0,2,1,0,2,1,-0.0,0,0.0,0.2143,0,0,0,0,-1,-1,0,0,0,0,0,0,0,0,0,0,1
https://www.sudanvotes.com,18,0,2,0,0,2,1,-0.0,0,0.0,0.1923,0,0,0,0,-1,-1,0,0,0,0,0,0,0,0,0,0,0
http://www.bet365o2.com,16,0,2,0,0,2,1,-0.0,0,0.1739,0.2174,0,0,0,0,-1,-1,0,0,0,0,0,0,0,0,1,0,1
https://www.generation-souvenirs.com,28,0,2,1,0,2,1,-0.0,0,0.0,0.1667,0,0,0,0,-1,-1,0,0,0,0,0,0,0,0,0,0,0
http://www.is-an-entertainer.com,25,0,2,2,0,2,1,-0.0,0,0.0,0.2188,0,0,0,0,-1,-1,0,0,1,1,0,0,0,0,0,1,1
https://royalroy.ru/bcpe/pos-tale.html,11,19,1,0,0,4,0,0.0,0,0.0,0.2105,1,0,0,0,-1,-1,0,0,0,0,0,0,0,0,0,0,1
http://www.hiphopeconomicdevelopment.com,33,0,2,0,0,2,1,-0.0,0,0.0,0.125,0,0,0,0,-1,-1,0,0,0,1,0,0,0,0,0,1,1
https://www.ceu.es,10,0,2,0,0,2,1,-0.0,0,0.0,0.2778,0,0,0,0,-1,-1,0,0,0,0,0,0,0,0,0,0,0
http://www.agencijazaregistraciju.rs,29,0,2,0,0,2,1,-0.0,0,0.0,0.1389,0,0,0,0,-1,-1,0,0,0,0,0,0,0,0,0,0,1
http://cndoubleegret.com/admin/secure/cmd-login=bc66f57352a6b1166abae0d5e0e2b59a,17,56,1,0,0,5,0,0.0,0,0.225,0.1125,0,0,1,0,-1,-1,0,0,0,1,0,0,0,0,1,1,1
http://www.tranhgohoangthiet.com,25,0,2,0,0,2,1,-0.0,0,0.0,0.1562,0,0,0,0,-1,-1,0,0,0,0,0,0,0,0,0,0,1
https://www.ncwlife.com,15,0,2,0,0,2,1,-0.0,0,0.0,0.2174,0,0,0,0,-1,-1,0,0,0,1,0,3,1,0,0,1,0
https://www.sportique.com,17,0,2,0,0,2,1,-0.0,0,0.0,0.2,0,0,0,0,-1,-1,0,0,0,0,0,0,0,0,0,0,0
http://xuniswap.com,12,0,1,0,0,2,0,0.0,0,0.0,0.2105,0,0,0,0,-1,-1,0,0,0,0,0,0,0,0,0,0,1
http://www.titaniumspareparts.com,26,0,2,0,0,2,1,-0.0,0,0.0,0.1515,0,0,0,0,-1,-1,0,0,0,1,0,1,1,0,0,1,1
http://www.jobmalawi.com,17,0,2,0,0,2,1,-0.0,0,0.0,0.2083,0,0,0,0,-1,-1,0,0,1,1,0,0,0,0,1,1,1
https://www.wooninspiratie.nu,21,0,2,0,0,2,1,-0.0,0,0.0,0.1724,0,0,0,0,-1,-1,0,0,0,1,0,0,0,0,0,1,0
http://www.dns01.com,13,0,2,0,0,2,1,-0.0,0,0.1,0.25,0,0,0,0,-1,-1,0,0,0,0,0,0,0,0,0,1,1
https://case1005643859565.firebaseapp.com/,33,1,2,0,0,3,1,3.3816,0,0.3095,0.1429,0,0,0,0,-1,-1,0,0,0,0,0,0,0,0,0,0,1
http://www.betathermeg.com,19,0,2,0,0,2,1,-0.0,0,0.0,0.1923,0,0,0,0,-1,-1,0,0,1,1,0,0,0,0,0,1,1
https://case-1000056435788567.start.page/,32,1,2,1,0,3,1,3.4992,0,0.3902,0.1707,0,0,0,0,-1,-1,0,0,0,0,0,0,0,0,0,1,1
https://www.theswiftcodes.com,21,0,2,0,0,2,1,-0.0,0,0.0,0.1724,0,0,0,0,-1,-1,0,0,0,0,0,0,0,0,0,0,0
http://lightoflife.com.au/wp-includes/images/crystal/review/review/,18,42,2,0,0,8,0,0.0,0,0.0,0.1791,0,0,0,0,-1,-1,0,0,0,0,0,0,0,0,0,0,1
http://www.accros.org,14,0,2,0,0,2,1,-0.0,0,0.0,0.2381,0,0,0,0,-1,-1,0,0,0,0,0,0,0,0,0,0,1
https://www.urbanrealm.com,18,0,2,0,0,2,1,-0.0,0,0.0,0.1923,0,0,0,0,-1,-1,0,0,0,0,0,0,0,0,0,0,0
http://dandlsecurity.com/images/Gdocx/doc/,17,18,1,0,0,6,0,0.0,0,0.0,0.1905,0,0,0,0,-1,-1,0,0,0,0,0,0,0,0,0,0,1
https://www.loopsbycdubmobile.com,25,0,2,0,0,2,1,-0.0,0,0.0,0.1515,0,0,0,0,-1,-1,0,0,0,0,0,0,0,0,0,1,0
https://www.raufossfotball.no,21,0,2,0,0,2,1,-0.0,0,0.0,0.1724,0,0,0,0,-1,-1,0,0,0,0,0,0,0,0,0,0,0
http://www.linkundlink.de,18,0,2,0,0,2,1,-0.0,0,0.0,0.2,0,0,0,0,-1,-1,0,0,0,0,0,0,0,0,0,0,1
https://www.tripcheck.com,17,0,2,0,0,2,1,-0.0,0,0.0,0.2,0,0,0,0,-1,-1,0,0,0,0,0,0,0,0,0,1,0
http://www.leoloka.com,15,0,2,0,0,2,1,-0.0,0,0.0,0.2273,0,0,0,0,-1,-1,0,0,0,0,0,0,0,0,0,0,1
https://www.enterprisesaskatchewan.ca,29,0,2,0,0,2,1,-0.0,0,0.0,0.1351,0,0,0,0,-1,-1,0,0,0,0,0,0,0,0,0,0,0
https://www.creditlibanais.com,22,0,2,0,0,2,1,-0.0,0,0.0,0.1667,0,0,0,0,-1,-1,0,0,0,0,0,0,0,0,0,1,0
https://www.click-sec.com,17,0,2,1,0,2,1,-0.0,0,0.0,0.24,0,0,0,0,-1,-1,0,0,1,1,1,1,1,1,0,1,0
http://www.iver.se,11,0,2,0,0,2,1,-0.0,0,0.0,0.2778,0,0,0,0,-1,-1,0,0,0,0,0,0,0,0,0,0,1
http://www.3cheer.com,14,0,2,0,0,2,1,-0.0,0,0.0476,0.2381,0,0,0,0,-1,-1,0,0,0,0,0,0,0,0,0,0,1
https://www.parisupdate.com,19,0,2,0,0,2,1,-0.0,0,0.0,0.1852,0,0,1,0,-1,-1,0,0,1,1,0,0,0,0,0,1,0
https://www.unisportstore.com,21,0,2,0,0,2,1,-0.0,0,0.0,0.1724,0,0,0,0,-1,-1,0,0,0,1,0,1,1,0,0,1,0
https://www.dlanham.com,15,0,2,0,0,2,1,-0.0,0,0.0,0.2174,0,0,0,0,-1,-1,0,0,0,0,0,0,0,0,0,0,0
https://www.orne-habitat.com,20,0,2,1,0,2,1,-0.0,0,0.0,0.2143,0,0,0,0,-1,-1,0,0,0,1,0,0,0,0,0,1,0
http://www.beluxuryre.com,18,0,2,0,0,2,1,-0.0,0,0.0,0.2,0,0,0,0,-1,-1,0,0,0,0,0,0,0,0,0,0,1
https://www.afp.com,11,0,2,0,0,2,1,-0.0,0,0.0,0.2632,0,0,0,0,-1,-1,0,0,0,1,0,1,1,0,0,1,0
https://www.turtleconservancy.org,25,0,2,0,0,2,1,-0.0,0,0.0,0.1515,0,0,0,0,-1,-1,0,0,0,0,0,0,0,0,0,0,0
http://www.materic.or.kr,17,0,3,0,0,2,2,3.0272,0,0.0,0.25,0,0,0,0,-1,-1,0,0,0,0,0,1,1,0,0,0,1
https://www.simhq.com,13,0,2,0,0,2,1,-0.0,0,0.0,0.2381,0,0,0,0,-1,-1,0,0,0,0,0,0,0,0,0,0,0
http://swagg.allalla.com/panel/,17,7,2,0,0,4,1,1.9219,0,0.0,0.2258,0,0,0,0,-1,-1,0,0,0,0,0,0,0,0,0,0,1
http://www.juculhdd.org,16,0,2,0,0,2,1,-0.0,0,0.0,0.2174,0,0,0,0,-1,-1,0,0,0,0,0,0,0,0,0,0,1
http://www.akeeperoftime.com,21,0,2,0,0,2,1,-0.0,0,0.0,0.1786,0,0,0,0,-1,-1,0,0,0,0,0,0,0,0,0,0,1
https://www.plastyk.pl,14,0,2,0,0,2,1,-0.0,0,0.0,0.2273,0,0,0,0,-1,-1,0,0,0,0,0,0,0,0,0,0,0
http://www.helpdesk.blackcmd.com,25,0,3,0,0,2,2,3.0221,0,0.0,0.1875,0,0,0,0,-1,-1,0,0,0,0,0,0,0,0,0,0,1
https://www.multipleintelligencesoasis.org,34,0,2,0,0,2,1,-0.0,0,0.0,0.119,0,0,0,0,-1,-1,0,0,0,1,0,0,0,0,0,1,0
https://www.kotus.fi,12,0,2,0,0,2,1,-0.0,0,0.0,0.25,0,0,0,0,-1,-1,0,0,0,0,0,0,0,0,0,1,0
http://www.server3fi.exodus.connexxa.it,32,0,4,0,0,2,3,3.5464,0,0.0256,0.1795,0,0,0,0,-1,-1,0,0,0,0,0,0,0,0,0,1,1
https://www.eleinmec.com,16,0,2,0,0,2,1,-0.0,0,0.0,0.2083,0,0,0,0,-1,-1,0,0,0,1,1,0,0,0,0,1,0
https://www.enomcentral.com,19,0,2,0,0,2,1,-0.0,0,0.0,0.1852,0,0,0,0,-1,-1,0,0,0,1,0,1,0,0,1,1,0
http://www.bingoblitzvippro.com,24,0,2,0,0,2,1,-0.0,0,0.0,0.1613,0,0,0,0,-1,-1,0,0,0,0,0,0,0,0,0,0,1
http://velociter.in/knby545,12,8,1,0,0,3,0,0.0,0,0.1111,0.1852,0,0,0,0,-1,-1,0,0,0,0,0,0,0,0,0,0,1
https://www.scottishgolf.org,20,0,2,0,0,2,1,-0.0,0,0.0,0.1786,0,0,0,0,-1,-1,0,0,0,1,0,1,1,0,0,1,0
https://www.cs.cornell.edu,18,0,3,0,0,2,2,1.7925,0,0.0,0.2308,0,0,0,0,-1,-1,0,0,1,1,0,1,1,0,0,1,0
http://www.messenger.zango.com,23,0,3,0,0,2,2,2.8151,0,0.0,0.2,0,0,0,0,-1,-1,0,0,0,0,0,0,0,0,0,0,1
http://www.ajikrentcarsurabaya.com,27,0,2,0,0,2,1,-0.0,0,0.0,0.1471,0,0,0,0,-1,-1,0,0,0,0,0,0,0,0,0,0,1
http://www.rrm.fbcode.co,17,0,3,0,0,2,2,1.8424,0,0.0,0.25,0,0,0,0,-1,-1,0,0,0,0,0,0,0,0,0,0,1
https://www.volleyhall.org,18,0,2,0,0,2,1,-0.0,0,0.0,0.1923,0,0,0,0,-1,-1,0,0,1,1,0,0,0,0,1,1,0
http://www.10kpictures.com,19,0,2,0,0,2,1,-0.0,0,0.0769,0.1923,0,0,0,0,-1,-1,0,0,0,0,0,1,0,0,0,0,1
https://www.nohatdigital.com,20,0,2,0,0,2,1,-0.0,0,0.0,0.1786,0,0,0,0,-1,-1,0,0,0,0,0,0,0,0,0,0,0
https://www.3659dd.cc,13,0,2,0,0,2,1,-0.0,0,0.1905,0.2381,0,0,0,0,-1,-1,0,0,0,0,0,0,0,0,0,1,1
https://www.dimensiondata.com,21,0,2,0,0,2,1,-0.0,0,0.0,0.1724,0,0,0,0,-1,-1,0,0,0,0,0,1,1,0,0,1,0
https://www.playdrums.com,17,0,2,0,0,2,1,-0.0,0,0.0,0.2,0,0,0,0,-1,-1,0,0,0,1,0,0,0,0,0,1,0
https://www.fashion-schools.org,23,0,2,1,0,2,1,-0.0,0,0.0,0.1935,0,0,0,0,-1,-1,0,0,0,0,0,0,0,0,0,0,0
http://organisasi.bulungan.go.id/public/47bvdwdtuo2q5zv99a31blh6nkgukcek,25,40,3,0,0,4,2,3.3264,0,0.125,0.1111,0,0,0,0,-1,-1,0,0,0,0,0,0,0,0,0,0,1
https://www.fussball24.de,17,0,2,0,0,2,1,-0.0,0,0.08,0.2,0,0,0,0,-1,-1,0,0,0,1,0,0,0,0,0,1,0
http://morellicamerenumana.it/administrator/templates/isis/js/dropbox/,22,41,1,0,0,8,0,0.0,0,0.0,0.1429,0,0,0,0,-1,-1,0,0,0,0,0,0,0,0,0,0,1
http://dmega.co.kr/dmega/data/qna/sec/page.php?email=,11,34,2,0,0,7,0,0.0,0,0.0,0.2453,0,0,0,0,-1,-1,0,0,0,0,0,1,1,0,0,0,1
https://www.dylog.it,12,0,2,0,0,2,1,-0.0,0,0.0,0.25,0,0,0,0,-1,-1,0,0,0,1,0,1,1,0,0,1,0
http://www.from-ga.com,15,0,2,1,0,2,1,-0.0,0,0.0,0.2727,0,0,0,0,-1,-1,0,0,0,0,0,0,0,0,0,0,1
https://www.lookintobitcoin.com,23,0,2,0,0,2,1,-0.0,0,0.0,0.1613,0,0,0,0,-1,-1,0,0,0,0,0,0,0,0,0,0,0
http://www.jbfacilitymanagement.net,28,0,2,0,0,2,1,-0.0,0,0.0,0.1429,0,0,0,0,-1,-1,0,0,0,0,0,0,0,0,0,0,1
http://accounts.google.com/ServiceLogin?continue=https://drive.google.com/st/auth/host/0Bz9pzRUAjfXaT3RXengxQXV3dlU/,19,89,2,0,0,10,1,2.75,0,0.0345,0.1552,0,0,1,0,-1,-1,0,0,0,1,1,0,0,1,1,1,1
https://www.mama-bearshaven.com,23,0,2,1,0,2,1,-0.0,0,0.0,0.1935,0,0,0,0,-1,-1,0,0,0,1,0,1,1,0,0,1,0
http://43.134.163.95/v3/signin/identifier?dsh=s1057257251:1679335702366976&amp;continue=https://accounts.google.com/?&amp;xrealip=149.56.153.189&amp;followup=https://accounts.google.com/?&amp;xrealip=149.56.153.189&amp;ifkv=awnogheentlhqdcbxqcenzlgpni6jshozfyavo0cfbfbgmgdu3qaxfgccsixqazw4up73zjhdlpk3q&amp;passive=1209600&amp;xrealip=149.56.153.189&amp;flowname=glifwebsignin&amp;flowentry=servicelogin,13,382,3,0,0,11,2,1.9183,0,0.2084,0.1538,0,1,1,0,-1,-1,0,0,0,0,0,0,0,0,0,0,1
https://www.cryptoglobe.com,19,0,2,0,0,2,1,-0.0,0,0.0,0.1852,0,0,0,0,-1,-1,0,0,0,1,0,1,1,0,0,1,0
http://escortdirectory.com.au/es/,22,4,2,0,0,4,0,0.0,0,0.0,0.2121,0,0,0,0,-1,-1,0,0,1,1,0,0,0,0,0,1,1
http://soskin.eu/index.php,9,10,1,0,0,3,0,0.0,0,0.0,0.2308,0,0,0,0,-1,-1,0,0,0,0,0,0,0,0,0,0,1
http://www.last.so,11,0,2,0,0,2,1,-0.0,0,0.0,0.2778,0,0,0,0,-1,-1,0,0,0,1,0,0,0,0,0,1,1
https://www.tectn.org,13,0,2,0,0,2,1,-0.0,0,0.0,0.2381,0,0,0,0,-1,-1,0,0,0,0,0,1,0,0,0,1,0
https://www.cmijournal.org,18,0,2,0,0,2,1,-0.0,0,0.0,0.1923,0,0,0,0,-1,-1,0,0,0,0,0,0,0,0,0,0,0
https://www.nanopay.net,15,0,2,0,0,2,1,-0.0,0,0.0,0.2174,0,0,0,0,-1,-1,0,0,0,0,0,0,0,0,0,1,0
https://www.snowyhydro.com.au,21,0,3,0,0,2,1,-0.0,0,0.0,0.2069,0,0,0,0,-1,-1,0,0,0,1,0,1,1,1,0,1,0
https://www.rockartshow.com,19,0,2,0,0,2,1,-0.0,0,0.0,0.1852,0,0,0,0,-1,-1,0,0,0,0,0,0,0,0,0,0,0
https://www.sport-ljubljana.si,22,0,2,1,0,2,1,-0.0,0,0.0,0.2,0,0,0,0,-1,-1,0,0,0,1,0,0,0,1,1,1,0
https://www.afcb.co.uk,14,0,3,0,0,2,1,-0.0,0,0.0,0.2727,0,0,0,0,-1,-1,0,0,0,0,0,0,0,0,0,1,0
http://www.vaa9a61382482279863d38e9ef7ea0221b.ws,41,0,2,0,0,2,1,-0.0,0,0.4792,0.1042,0,0,0,0,-1,-1,0,0,0,0,0,0,0,0,0,0,1
http://wistub-brenner.fr/%3fpaypalsignin6e6t1fjy8y4accountpaypal/,17,41,1,1,0,4,0,0.0,0,0.0923,0.1231,0,0,1,0,-1,-1,0,0,0,0,0,2,0,0,0,1,1
https://www.gatestoneinstitute.org,26,0,2,0,0,2,1,-0.0,0,0.0,0.1471,0,0,0,0,-1,-1,0,0,0,0,0,0,0,0,0,0,0
https://www.fun-motion.com,18,0,2,1,0,2,1,-0.0,0,0.0,0.2308,0,0,0,0,-1,-1,0,0,0,0,0,0,0,0,0,0,0
https://www.tourniagara.com,19,0,2,0,0,2,1,-0.0,0,0.0,0.1852,0,0,0,0,-1,-1,0,0,0,0,0,0,0,0,0,1,0
https://cnnnewsnigeria.com/,18,1,1,0,0,3,0,0.0,0,0.0,0.1852,0,0,0,0,-1,-1,0,0,0,0,0,0,0,0,0,0,1
https://www.iess.gob.ec,15,0,3,0,0,2,2,2.1556,0,0.0,0.2609,0,0,0,0,-1,-1,0,0,0,0,0,0,0,0,0,1,0
http://www.isatechnology.com,21,0,2,0,0,2,1,-0.0,0,0.0,0.1786,0,0,0,0,-1,-1,0,0,0,0,0,0,0,0,0,0,1
http://www.optus.com.au/wholesale?SID=con:hme:whls:othr:foot:othr:whls>,16,47,3,0,0,3,1,-0.0,0,0.0,0.2254,0,0,0,0,-1,-1,0,0,0,0,0,1,1,0,0,1,1
http://www.hobe.agency,15,0,2,0,0,2,1,-0.0,0,0.0,0.2273,0,0,0,0,-1,-1,0,0,0,0,0,0,0,0,0,1,1
http://www.performajant.com,20,0,2,0,0,2,1,-0.0,0,0.0,0.1852,0,0,0,0,-1,-1,0,0,0,0,0,0,0,0,0,0,1
https://ieej.lv/wkrxk,7,6,1,0,0,3,0,0.0,0,0.0,0.2381,0,0,0,0,-1,-1,0,0,0,0,0,0,0,0,0,0,1
http://elmundodeltalento.com/Scripts/valid/page/confirm.html,21,32,1,0,0,6,0,0.0,0,0.0,0.15,0,0,1,0,-1,-1,0,0,0,0,0,0,0,0,0,0,1
https://www.larampa.it,14,0,2,0,0,2,1,-0.0,0,0.0,0.2273,0,0,0,0,-1,-1,0,0,0,0,0,0,0,0,0,0,0
http://www.fiberprox.net,17,0,2,0,0,2,1,-0.0,0,0.0,0.2083,0,0,0,0,-1,-1,0,0,0,0,0,0,0,0,0,0,1
https://connection-being-fixed-now.web.app/,34,1,2,3,0,3,1,3.4455,0,0.0,0.2093,0,0,0,0,-1,-1,0,0,0,0,0,0,0,0,0,0,1
https://www.service-architecture.com,28,0,2,1,0,2,1,-0.0,0,0.0,0.1667,0,0,0,0,-1,-1,0,0,0,0,0,0,0,0,0,0,0
https://www.13.cl,9,0,2,0,0,2,1,-0.0,0,0.1176,0.2941,0,0,0,0,-1,-1,0,0,0,1,0,2,1,0,0,1,0
https://www.ci.minneapolis.mn.us,24,0,4,0,0,2,3,3.4194,0,0.0,0.2188,0,0,0,0,-1,-1,0,0,0,1,0,1,1,0,0,1,0
https://www.bookshop.fraunhofer.de,26,0,3,0,0,2,2,2.7925,0,0.0,0.1765,0,0,0,0,-1,-1,0,0,0,1,0,0,0,0,0,0,0
http://tinu.be/areacliente,7,12,1,0,0,3,0,0.0,0,0.0,0.1923,0,0,0,0,-1,-1,0,0,0,0,0,0,0,0,0,0,1
http://www.re.policyforums.org,23,0,3,0,0,2,2,1.7925,0,0.0,0.2,0,0,0,0,-1,-1,0,0,0,0,0,0,0,0,0,0,1
https://www.citynews.ca,15,0,2,0,0,2,1,-0.0,0,0.0,0.2174,0,0,0,0,-1,-1,0,0,0,0,0,0,0,0,0,1,0
http://www.youutbe.com,15,0,2,0,0,2,1,-0.0,0,0.0,0.2273,0,0,0,0,-1,-1,0,0,0,0,0,0,0,0,0,0,1
https://www.hysteria-lives.co.uk,24,0,3,1,0,2,1,-0.0,0,0.0,0.2188,0,0,0,0,-1,-1,0,0,0,0,0,1,0,0,0,1,0
http://www.nerz.net,12,0,2,0,0,2,1,-0.0,0,0.0,0.2632,0,0,0,0,-1,-1,0,0,0,0,0,0,0,0,0,1,1
https://sites.google.com/view/6b8j3nzb26p1guza/home,16,27,2,0,0,5,1,1.9219,0,0.1176,0.1569,0,0,0,0,-1,-1,0,0,0,0,0,0,0,1,0,0,1
http://www.whatismyip.li,17,0,2,0,0,2,1,-0.0,0,0.0,0.2083,0,0,0,0,-1,-1,0,0,0,0,0,0,0,0,0,0,1
http://www.bigdhon.com,15,0,2,0,0,2,1,-0.0,0,0.0,0.2273,0,0,0,0,-1,-1,0,0,0,0,0,0,0,0,1,1,1
http://www.service-reset-password-moderate-digital.rf.gd,49,0,3,4,0,2,2,3.8326,0,0.0,0.1786,0,0,1,0,-1,-1,0,0,0,0,0,0,0,0,0,1,1
http://www.kaspersky-security.com,26,0,2,1,0,2,1,-0.0,0,0.0,0.1818,0,0,0,0,-1,-1,0,0,0,1,0,1,1,0,0,1,1
http://www.techimplement.com,21,0,2,0,0,2,1,-0.0,0,0.0,0.1786,0,0,0,0,-1,-1,0,0,0,0,0,0,0,0,0,0,1
https://www.kcoyle.net,14,0,2,0,0,2,1,-0.0,0,0.0,0.2273,0,0,0,0,-1,-1,0,0,0,0,0,0,0,0,0,1,0
http://eielectronics.com/,17,1,1,0,0,3,0,0.0,0,0.0,0.2,0,0,0,0,-1,-1,0,0,0,0,0,1,1,1,0,1,1
https://www.riversideonline.com,23,0,2,0,0,2,1,-0.0,0,0.0,0.1613,0,0,0,0,-1,-1,0,0,0,1,0,1,1,0,0,1,0
http://www.venafestival.com,20,0,2,0,0,2,1,-0.0,0,0.0,0.1852,0,0,0,0,-1,-1,0,0,0,0,0,0,0,0,0,0,1
https://fpostlecers.firebaseapp.com/,27,1,2,0,0,3,1,3.0958,0,0.0,0.1667,0,0,0,0,-1,-1,0,0,0,0,0,0,0,0,0,0,1
https://www.projectumbrella.net,23,0,2,0,0,2,1,-0.0,0,0.0,0.1613,0,0,0,0,-1,-1,0,0,0,0,0,0,0,0,0,1,0
http://www.schluesseldienst-aufsperrdienst.at,38,0,2,1,0,2,1,-0.0,0,0.0,0.1333,0,0,0,0,-1,-1,0,0,0,0,0,0,0,0,0,0,1
https://www.naturawines.com,19,0,2,0,0,2,1,-0.0,0,0.0,0.1852,0,0,0,0,-1,-1,0,0,0,0,0,0,0,0,0,0,0
https://groundlimo.com/fonts/.../,14,11,1,0,0,5,0,0.0,0,0.0,0.303,0,0,0,0,-1,-1,0,0,0,0,0,0,0,0,0,0,1
https://www.mackinacparks.com,21,0,2,0,0,2,1,-0.0,0,0.0,0.1724,0,0,0,0,-1,-1,0,0,0,1,0,4,1,0,0,1,0
http://www.charihoproducts.com,23,0,2,0,0,2,1,-0.0,0,0.0,0.1667,0,0,0,0,-1,-1,0,0,0,0,0,0,0,0,0,0,1
https://www.mihp.org,12,0,2,0,0,2,1,-0.0,0,0.0,0.25,0,0,0,0,-1,-1,0,0,0,0,0,0,0,0,0,1,0
http://www.uwkpaqwj.com,16,0,2,0,0,2,1,-0.0,0,0.0,0.2174,0,0,0,0,-1,-1,0,0,0,0,0,0,0,0,0,0,1
https://www.cfps.org.sg,15,0,3,0,0,2,1,-0.0,0,0.0,0.2609,0,0,0,0,-1,-1,0,0,0,1,0,0,0,0,0,1,0
https://www.pluscanvas.com,18,0,2,0,0,2,1,-0.0,0,0.0,0.1923,0,0,0,0,-1,-1,0,0,0,1,0,0,0,0,0,1,0
https://www.payzone.ie,14,0,2,0,0,2,1,-0.0,0,0.0,0.2273,0,0,0,0,-1,-1,0,0,0,1,0,1,1,0,0,1,0
https://www.vfl.de,10,0,2,0,0,2,1,-0.0,0,0.0,0.2778,0,0,0,0,-1,-1,0,0,0,0,0,0,0,0,0,1,0
http://www.pjbyz.com,13,0,2,0,0,2,1,-0.0,0,0.0,0.25,0,0,0,0,-1,-1,0,0,0,0,0,0,0,0,0,0,1
https://www.doriehagler.com,19,0,2,0,0,2,1,-0.0,0,0.0,0.1852,0,0,0,0,-1,-1,0,0,0,0,0,0,0,0,0,1,0
http://donatachernova@yandex.com,25,0,1,0,1,2,0,0.0,0,0.0,0.1562,0,0,0,0,-1,-1,0,0,0,0,0,0,0,0,0,0,1
http://mylespollard.com.au/vdG76VUY76rjnu,19,15,2,0,0,3,0,0.0,0,0.0976,0.1463,0,0,0,0,-1,-1,0,0,0,0,0,0,0,0,0,0,1
https://tinyurl.com/2m9r9nhr,11,9,1,0,0,3,0,0.0,0,0.1071,0.1786,0,0,0,0,-1,-1,0,0,0,0,0,0,0,0,0,0,1
http://ultrasafe.us/gowiththeflowreviews,12,21,1,0,0,3,0,0.0,0,0.0,0.125,0,0,0,0,-1,-1,0,0,0,0,0,0,0,0,0,0,1
https://jeudiunjour.firebaseapp.com/,27,1,2,0,0,3,1,2.8454,0,0.0,0.1667,0,0,0,0,-1,-1,0,0,0,0,0,0,0,0,0,0,1
https://www.transmilenio.gov.co,23,0,3,0,0,2,1,-0.0,0,0.0,0.1935,0,0,0,0,-1,-1,0,0,0,0,0,0,0,0,0,0,0
http://www.netacradle.com,18,0,2,0,0,2,1,-0.0,0,0.0,0.2,0,0,0,0,-1,-1,0,0,0,0,0,0,0,0,0,1,1
http://pavillondesvins.cn/wp/wp-includes/js/jquery/ui/include_online/12ad88b5f05966b8d2bfa2e7e98745a2/de.html,18,84,1,0,0,10,0,0.0,0,0.1835,0.1376,1,0,0,0,-1,-1,0,0,0,0,0,0,0,0,0,0,1
http://bienbonvoyage.com,17,0,1,0,0,2,0,0.0,0,0.0,0.1667,0,0,0,0,-1,-1,0,0,0,1,0,0,0,0,0,0,1
https://www.visitmarshallislands.com,28,0,2,0,0,2,1,-0.0,0,0.0,0.1389,0,0,0,0,-1,-1,0,0,0,0,0,0,0,0,0,0,0
https://www.fotevikensmuseum.se,23,0,2,0,0,2,1,-0.0,0,0.0,0.1613,0,0,0,0,-1,-1,0,0,0,0,0,0,0,0,0,0,0
http://www.banksms.ru,14,0,2,0,0,2,1,-0.0,0,0.0,0.2381,1,0,0,0,-1,-1,0,0,0,0,0,0,0,0,0,0,1
https://www.hs-augsburg.de,18,0,2,1,0,2,1,-0.0,0,0.0,0.2308,0,0,0,0,-1,-1,0,0,0,1,1,0,0,0,0,1,0
https://www.unitedagainstnucleariran.com,32,0,2,0,0,2,1,-0.0,0,0.0,0.125,0,0,0,0,-1,-1,0,0,0,0,0,0,0,0,0,0,0
https://www.secretsofgrindea.com,24,0,2,0,0,2,1,-0.0,0,0.0,0.1562,0,0,0,0,-1,-1,0,0,0,0,0,1,0,0,0,1,0
https://www.sites.google.com/view/dbrikl/,20,13,3,0,0,5,2,2.4194,0,0.0,0.2195,0,0,0,0,-1,-1,0,0,0,1,1,0,0,1,1,1,1
https://www.shopaccakappa.com,21,0,2,0,0,2,1,-0.0,0,0.0,0.1724,0,0,0,0,-1,-1,0,0,0,0,0,0,0,0,0,0,0
http://www.1colony.com,15,0,2,0,0,2,1,-0.0,0,0.0455,0.2273,0,0,0,0,-1,-1,0,0,0,0,0,0,0,0,0,0,1
http://ctspagroup.com/,14,1,1,0,0,3,0,0.0,0,0.0,0.2273,0,0,0,0,-1,-1,0,0,0,0,0,0,0,0,0,0,1
http://activarbnmovill.atsnx.com,25,0,2,0,0,2,1,3.3736,0,0.0,0.1562,0,0,0,0,-1,-1,0,0,0,0,0,0,0,0,0,0,1
http://www.bitfinex.com,16,0,2,0,0,2,1,-0.0,0,0.0,0.2174,0,0,0,0,-1,-1,0,0,0,1,0,0,0,0,0,1,1
http://www.ms620.com,13,0,2,0,0,2,1,-0.0,0,0.15,0.25,0,0,0,0,-1,-1,0,0,0,0,0,0,0,0,0,0,1
https://www.worldwidecyclery.com,24,0,2,0,0,2,1,-0.0,0,0.0,0.1562,0,0,0,0,-1,-1,0,0,0,0,0,0,0,0,0,0,0
http://www.eggfred.com,15,0,2,0,0,2,1,-0.0,0,0.0,0.2273,0,0,0,0,-1,-1,0,0,0,0,0,0,0,0,0,0,1
http://aminev.com/HSBC-BANK-DATA/secure_payment.document.html,10,44,1,0,0,4,0,0.0,0,0.0,0.1803,0,0,1,0,-1,-1,0,0,0,0,0,0,0,0,0,1,1
http://internationlaozonef1.myportfolio.com/,36,1,2,0,0,3,1,3.2842,0,0.0227,0.1364,0,0,0,0,-1,-1,0,0,0,0,0,0,0,0,0,0,1
http://www.api.ddongfg.com,19,0,3,0,0,2,2,2.1281,0,0.0,0.2308,0,0,0,0,-1,-1,0,0,0,0,0,0,0,0,0,0,1
http://laprovi.com/expedia/hmrr/secure-page.html,11,30,1,0,0,5,0,0.0,0,0.0,0.1875,0,0,1,0,-1,-1,0,0,0,0,0,0,0,0,0,1,1
https://www.itp-international.org,25,0,2,1,0,2,1,-0.0,0,0.0,0.1818,0,0,0,0,-1,-1,0,0,0,1,0,0,0,0,0,1,0
https://www.concentric.org,18,0,2,0,0,2,1,-0.0,0,0.0,0.1923,0,0,0,0,-1,-1,0,0,0,0,0,0,0,0,0,1,0
https://www.swchristian.org,19,0,2,0,0,2,1,-0.0,0,0.0,0.1852,0,0,0,0,-1,-1,0,0,0,1,0,5,1,0,0,1,0
https://www.bejo.com,12,0,2,0,0,2,1,-0.0,0,0.0,0.25,0,0,0,0,-1,-1,0,0,0,1,0,1,1,0,0,1,0
https://www.cityofcalera.org,20,0,2,0,0,2,1,-0.0,0,0.0,0.1786,0,0,0,0,-1,-1,0,0,0,0,0,0,0,0,0,1,0
http://www.blackgirlmagicschool.com,28,0,2,0,0,2,1,-0.0,0,0.0,0.1429,0,0,0,0,-1,-1,0,0,0,0,0,0,0,0,0,0,1
https://fomnptlex.web.app/,17,1,2,0,0,3,1,3.1699,0,0.0,0.2308,0,0,0,0,-1,-1,0,0,0,0,0,0,0,0,0,0,1
https://www.lastbil.net,15,0,2,0,0,2,1,-0.0,0,0.0,0.2174,0,0,0,0,-1,-1,0,0,0,0,0,0,0,0,0,1,0
http://ecreatify.com/cho/express/autofil/id.php?l=_JeHFUq_VJOXK0QWHtoGYDw_Product-UserID&amp;userid;=,13,80,1,0,0,6,0,0.0,0,0.0099,0.1881,0,0,0,0,-1,-1,0,0,0,0,0,0,0,0,0,0,1
http://www.tuoi96.com,14,0,2,0,0,2,1,-0.0,0,0.0952,0.2381,0,0,0,0,-1,-1,0,0,0,0,0,1,1,0,0,1,1
http://www.bprbalidananiaga.co.id,26,0,3,0,0,2,1,-0.0,0,0.0,0.1818,0,0,0,0,-1,-1,0,0,0,0,0,0,0,0,0,0,1
http://www.connecticutsfinestmovers.com,32,0,2,0,0,2,1,-0.0,0,0.0,0.1282,0,0,0,0,-1,-1,0,0,0,0,0,0,0,0,0,0,1
https://www.corefactors.in,18,0,2,0,0,2,1,-0.0,0,0.0,0.1923,0,0,0,0,-1,-1,0,0,0,1,0,1,1,0,0,1,0
http://projectconservatories.co.uk/wp-content/dmjet/ichiemagiksouthwest123.html,27,45,2,0,0,5,0,0.0,0,0.038,0.1266,0,0,0,0,-1,-1,0,0,0,0,0,0,0,0,0,0,1
http://attention.solution.valid.clearpointsupplies.com/klhv8yofibkjvjhv3g4554y45y54/,47,30,4,0,0,4,3,3.4073,0,0.119,0.1071,0,0,0,0,-1,-1,0,0,0,0,0,0,0,0,0,0,1
https://www.digitalwaybill.com,22,0,2,0,0,2,1,-0.0,0,0.0,0.1667,0,0,0,0,-1,-1,0,0,0,0,0,0,0,0,0,0,0
https://www.rockcityoutfitters.com,26,0,2,0,0,2,1,-0.0,0,0.0,0.1471,0,0,0,0,-1,-1,0,0,0,0,0,0,0,0,0,0,0
http://www.swmwater.it,15,0,2,0,0,2,1,-0.0,0,0.0,0.2273,0,0,0,0,-1,-1,0,0,0,0,0,0,0,0,0,1,1
http://smokesonstate.com/Gssss/Gssss/7c5ecfd3fbc81f3f7dd806da67e72309/,17,46,1,0,0,6,0,0.0,0,0.2429,0.1143,0,0,0,0,-1,-1,0,0,0,1,0,1,0,0,0,1,1
http://autopalmeira.com.br/components/com_users/logon.asp.htm,19,35,2,0,0,5,0,0.0,0,0.0,0.1803,0,0,0,0,-1,-1,0,0,0,0,0,0,0,0,0,0,1
https://www.college-of-arms.gov.uk,26,0,3,2,0,2,1,-0.0,0,0.0,0.2353,0,0,0,0,-1,-1,0,0,0,0,0,0,0,0,0,0,0
https://www.thefabricfairy.com,22,0,2,0,0,2,1,-0.0,0,0.0,0.1667,0,0,0,0,-1,-1,0,0,0,0,0,0,0,0,0,0,0
http://www.kamalafarin.com,19,0,2,0,0,2,1,-0.0,0,0.0,0.1923,0,0,0,0,-1,-1,0,0,0,0,0,0,0,0,0,0,1
http://british-house.be/sites/default/files/Ameli/PortailAS/appmanager/PortailAS/assure_somtc=true/12aa0bbfe62aa864ef0f8df4974d3ad4/index_2.html,16,121,1,1,0,12,0,0.0,0,0.1181,0.1319,0,0,0,0,-1,-1,0,0,0,0,0,0,0,0,0,0,1
https://www.yunikov.com,15,0,2,0,0,2,1,-0.0,0,0.0,0.2174,0,0,0,0,-1,-1,0,0,0,0,0,0,0,0,0,0,0
https://www.theworldsgreatestvacations.com,34,0,2,0,0,2,1,-0.0,0,0.0,0.119,0,0,0,0,-1,-1,0,0,0,1,0,0,0,0,1,1,0
https://www.vernonmorningstar.com,25,0,2,0,0,2,1,-0.0,0,0.0,0.1515,0,0,0,0,-1,-1,0,0,0,0,0,0,0,0,0,0,0
https://www.oopp.gob.bo,15,0,3,0,0,2,2,1.9056,0,0.0,0.2609,0,0,0,0,-1,-1,0,0,0,1,0,1,0,0,0,1,0
https://www.adanko.com,14,0,2,0,0,2,1,-0.0,0,0.0,0.2273,0,0,0,0,-1,-1,0,0,0,0,0,0,0,0,0,0,0
http://www.ridgwayracing.com,21,0,2,0,0,2,1,-0.0,0,0.0,0.1786,0,0,0,0,-1,-1,0,0,0,0,0,0,0,0,0,0,1
https://www.luccacouture.com,20,0,2,0,0,2,1,-0.0,0,0.0,0.1786,0,0,0,0,-1,-1,0,0,0,0,0,0,0,0,0,0,0
http://www.briarhurst.org/2mo9u,18,6,2,0,0,3,1,-0.0,0,0.0645,0.1935,0,0,0,0,-1,-1,0,0,0,0,0,0,0,0,0,0,1
https://ipfs.best-practice.se/ipfs/bafybeieqjbfglnuiidkzqb5ivcdvpc6ksg3eb4sztxcdofg6lfw3gzk4p4,21,65,2,1,0,4,1,2.0,0,0.0851,0.0851,0,0,0,0,-1,-1,0,0,0,0,0,0,0,0,0,0,1
https://www.hummingbirdnetworks.com,27,0,2,0,0,2,1,-0.0,0,0.0,0.1429,0,0,0,0,-1,-1,0,0,0,0,0,0,0,0,0,0,0
http://maxisoft.co.uk/taxadmin/get_doc.html,14,22,2,0,0,4,0,0.0,0,0.0,0.2093,0,0,0,0,-1,-1,0,0,0,0,0,0,0,0,0,0,1
https://www.weatherbell.com,19,0,2,0,0,2,1,-0.0,0,0.0,0.1852,0,0,0,0,-1,-1,0,0,0,1,1,0,0,0,0,1,0
http://43.156.7.24/servicelogin?passive=1209600&amp;continue=https://accounts.google.com/?&amp;xrealip=107.178.232.255&amp;followup=https://accounts.google.com/?,11,142,3,0,0,9,2,2.585,0,0.1677,0.2174,0,1,1,0,-1,-1,0,0,0,0,0,0,0,0,0,0,1
https://www.se7endeadly.com,19,0,2,0,0,2,1,-0.0,0,0.037,0.1852,0,0,0,0,-1,-1,0,0,0,0,0,0,0,0,0,0,0
https://www.berkeywater.com,19,0,2,0,0,2,1,-0.0,0,0.0,0.1852,0,0,0,0,-1,-1,0,0,0,0,0,0,0,0,0,0,0
http://www.dmdagents.com.au,20,0,3,0,0,2,1,-0.0,0,0.0,0.2222,0,0,0,0,-1,-1,0,0,0,0,0,0,0,0,0,1,1
https://www.faconjacmin.com,19,0,2,0,0,2,1,-0.0,0,0.0,0.1852,0,0,0,0,-1,-1,0,0,0,0,0,0,0,0,0,0,0
http://commisissemus.cancerexpo.com/still.ppthtml?life=T8v-&good=&express=qpt4z&these=&spend=lG77k&influence=zujdH9LTDs&because=8v1f&well=&that=HPJ-2UR1y&expect=&change=bMhmAcBzHT&vary=W,28,150,2,0,0,3,1,2.5654,0,0.0484,0.1774,0,0,0,0,-1,-1,0,0,0,0,0,0,0,0,0,0,1
https://www.biodiversitylibrary.org,27,0,2,0,0,2,1,-0.0,0,0.0,0.1429,0,0,0,0,-1,-1,0,0,0,1,0,0,0,0,1,1,0
http://beton58.ru/404.html,10,9,1,0,0,3,0,0.0,0,0.1923,0.2308,1,0,0,0,-1,-1,0,0,0,1,0,0,0,0,0,1,1
http://users.atw.hu/kankkaka/diamondmogyiii/,12,25,2,0,0,5,1,1.9219,0,0.0,0.1818,0,0,0,0,-1,-1,0,0,0,0,0,0,0,0,0,0,1
http://www.ailecalismavesoyalguvenlik.ezyro.com,40,0,3,0,0,2,2,3.7647,0,0.0,0.1277,0,0,0,0,-1,-1,0,0,0,0,0,0,0,0,0,0,1
https://www.kigeki.co.jp,16,0,3,0,0,2,1,-0.0,0,0.0,0.25,0,0,0,0,-1,-1,0,0,0,0,0,0,0,0,0,0,0
http://www.routepanel.com,18,0,2,0,0,2,1,-0.0,0,0.0,0.2,0,0,0,0,-1,-1,0,0,0,0,0,0,0,0,0,1,1
http://organisasi.bulungan.go.id/public/egthgmcq68g0ktck7vsxajfkuvjxcfoq/,25,41,3,0,0,5,2,3.3264,0,0.0548,0.1233,0,0,0,0,-1,-1,0,0,0,0,0,0,0,0,0,0,1
https://www.cafonline.org,17,0,2,0,0,2,1,-0.0,0,0.0,0.2,0,0,0,0,-1,-1,0,0,0,1,0,1,1,0,0,1,0
https://www.worldoffshorebanks.com,26,0,2,0,0,2,1,-0.0,0,0.0,0.1471,0,0,0,0,-1,-1,0,0,0,0,0,0,0,0,0,0,0
https://share.hsforms.com/1zwug5hvmsuik9mhaflsx3gd9wnt,17,29,2,0,0,3,1,2.3219,0,0.0926,0.1111,0,0,0,0,-1,-1,0,0,0,0,0,0,0,0,0,0,1
https://www.sbc.org.br,14,0,3,0,0,2,1,-0.0,0,0.0,0.2727,0,0,0,0,-1,-1,0,0,0,0,0,0,0,0,0,1,0
https://www.mauritiusconscious.com,26,0,2,0,0,2,1,-0.0,0,0.0,0.1471,0,0,0,0,-1,-1,0,0,0,0,0,0,0,0,0,0,0
http://51jianli.cn/images/?http://us.battle.net/login,11,34,1,0,0,7,0,0.0,0,0.0377,0.2453,1,0,1,0,-1,-1,0,0,0,0,0,0,0,0,0,0,1
https://www.eala.org,12,0,2,0,0,2,1,-0.0,0,0.0,0.25,0,0,0,0,-1,-1,0,0,0,1,0,0,0,0,0,1,0
https://2ww.me/xq43s,6,6,1,0,0,3,0,0.0,0,0.15,0.25,0,0,0,0,-1,-1,0,0,0,0,0,0,0,0,0,0,1
http://www.xingchen.fbcode.co,22,0,3,0,0,2,2,3.0221,0,0.0,0.2069,0,0,0,0,-1,-1,0,0,0,0,0,0,0,0,0,0,1
http://docs.google.com/a/anderson.edu/forms/d/14Dzk8jh-pMc6P9iRGtC9ZBQbjs5RLaOb-sZ8404ucng/viewform?usp=send_form,15,90,2,0,0,8,1,2.0,0,0.0973,0.1504,0,0,0,0,-1,-1,0,0,0,1,0,0,0,0,0,0,1
http://www.foreignresident.com,23,0,2,0,0,2,1,-0.0,0,0.0,0.1667,0,0,0,0,-1,-1,0,0,0,0,0,0,0,0,0,0,1
http://www.telesolutionsconsultants.com,32,0,2,0,0,2,1,-0.0,0,0.0,0.1282,0,0,0,0,-1,-1,0,0,0,0,0,0,0,0,0,0,1
http://www.log.exposedbotnets.ru,25,0,3,0,0,2,2,2.1281,0,0.0,0.1875,1,0,0,0,-1,-1,0,0,0,0,0,0,0,0,0,0,1
http://www.malka-reklama.com,21,0,2,1,0,2,1,-0.0,0,0.0,0.2143,0,0,0,0,-1,-1,0,0,0,1,0,0,0,0,1,1,1
http://www.ws009.hemnes.win,20,0,3,0,0,2,2,2.0588,0,0.1111,0.2222,0,0,0,0,-1,-1,0,0,0,0,0,1,1,0,0,1,1
https://www.thebinghamdiaries.com,25,0,2,0,0,2,1,-0.0,0,0.0,0.1515,0,0,0,0,-1,-1,0,0,0,1,0,0,0,0,0,1,0
https://www.myoptician.gr,17,0,2,0,0,2,1,-0.0,0,0.0,0.2,0,0,0,0,-1,-1,0,0,0,0,0,0,0,0,0,0,0
http://www.snappertalk.com,19,0,2,0,0,2,1,-0.0,0,0.0,0.1923,0,0,0,0,-1,-1,0,0,0,0,0,0,0,0,1,1,1
http://www.eur06.com,13,0,2,0,0,2,1,-0.0,0,0.1,0.25,0,0,0,0,-1,-1,0,0,0,0,0,0,0,0,0,0,1
https://www.super-farmers.com,21,0,2,1,0,2,1,-0.0,0,0.0,0.2069,0,0,0,0,-1,-1,0,0,0,0,0,0,0,0,0,0,0
https://www.operationsacademia.org,26,0,2,0,0,2,1,-0.0,0,0.0,0.1471,0,0,0,0,-1,-1,0,0,0,0,0,0,0,0,0,0,0
https://www.gnu.org,11,0,2,0,0,2,1,-0.0,0,0.0,0.2632,0,0,0,0,-1,-1,0,0,0,0,0,0,0,0,0,0,0
http://www.aladilauto.com,18,0,2,0,0,2,1,-0.0,0,0.0,0.2,0,0,0,0,-1,-1,0,0,0,0,0,0,0,0,0,0,1
https://www.uch.edu.ar,14,0,3,0,0,2,1,-0.0,0,0.0,0.2727,0,0,0,0,-1,-1,0,0,0,0,0,0,0,0,0,0,0
https://bafybeienbcpiqmw6jwvunfcwj2pk6kmpgiaqekf4agd52p5gsliwyw6wva.ipfs.ipfs.joaoleitao.org/?filename=tigar.html#example@example.com,84,20,4,0,1,3,3,4.4467,0,0.0602,0.1053,0,0,0,0,-1,-1,0,0,0,0,0,0,0,0,0,0,1
http://syssccountupgradede.beep.com/files/sysupg.html,28,18,2,0,0,4,1,3.5766,0,0.0,0.1509,0,0,0,0,-1,-1,0,0,0,0,0,0,0,0,0,0,1
https://www.menafn.com,14,0,2,0,0,2,1,-0.0,0,0.0,0.2273,0,0,0,0,-1,-1,0,0,0,1,1,1,1,0,0,1,0
https://www.littlehomechurch.org,24,0,2,0,0,2,1,-0.0,0,0.0,0.1562,0,0,0,0,-1,-1,0,0,0,1,0,0,0,0,0,1,0
http://www.hotlog-counter.net,22,0,2,1,0,2,1,-0.0,0,0.0,0.2069,0,0,0,0,-1,-1,0,0,0,0,0,0,0,0,0,0,1
https://www.earlynewenglandhomes.com,28,0,2,0,0,2,1,-0.0,0,0.0,0.1389,0,0,0,0,-1,-1,0,0,0,0,0,1,0,0,0,1,0
http://www.customers-services.info,27,0,2,1,0,2,1,-0.0,0,0.0,0.1765,0,0,0,0,-1,-1,0,0,0,0,0,0,0,0,0,0,1
http://www.textsubmitfocus.com,23,0,2,0,0,2,1,-0.0,0,0.0,0.1667,0,0,0,0,-1,-1,0,0,0,0,0,0,0,0,0,0,1
https://www.co.midland.mi.us,20,0,4,0,0,2,3,3.182,0,0.0,0.25,0,0,0,0,-1,-1,0,0,0,0,0,1,0,0,0,1,0
http://www.chickenkiller.com,21,0,2,0,0,2,1,-0.0,0,0.0,0.1786,0,0,0,0,-1,-1,0,0,0,0,0,0,0,0,0,0,1
https://www.koellen-golf.de,19,0,2,1,0,2,1,-0.0,0,0.0,0.2222,0,0,0,0,-1,-1,0,0,0,1,0,0,0,0,0,1,0
http://tercumemerkezi.az/deamo/,17,7,1,0,0,4,0,0.0,0,0.0,0.1935,0,0,0,0,-1,-1,0,0,0,1,1,0,0,0,0,1,1
http://www.n-document.biz,18,0,2,1,0,2,1,-0.0,0,0.0,0.24,0,0,0,0,-1,-1,0,0,0,0,0,0,0,0,0,0,1
https://attmailingale7372.boxmode.io/,28,1,2,0,0,3,1,3.3372,0,0.1081,0.1622,0,0,0,0,-1,-1,0,0,0,0,0,0,0,0,0,0,1
https://kkskalisz.com,13,0,1,0,0,2,0,0.0,0,0.0,0.1905,0,0,0,0,-1,-1,0,0,0,1,0,0,0,0,0,1,1
https://www.tennis.quickfound.net,25,0,3,0,0,2,2,2.6464,0,0.0,0.1818,0,0,0,0,-1,-1,0,0,0,0,0,0,0,0,0,0,0
http://www.onlyhamster.com,19,0,2,0,0,2,1,-0.0,0,0.0,0.1923,0,0,0,0,-1,-1,0,0,0,0,0,0,0,0,0,1,1
https://www.roundesk.io,15,0,2,0,0,2,1,-0.0,0,0.0,0.2174,0,0,0,0,-1,-1,0,0,0,0,0,0,0,0,0,0,0
https://www.thecharlatans.net,21,0,2,0,0,2,1,-0.0,0,0.0,0.1724,0,0,0,0,-1,-1,0,0,0,0,0,0,0,0,0,0,0
https://www.ufam.edu.br,15,0,3,0,0,2,1,-0.0,0,0.0,0.2609,0,0,0,0,-1,-1,0,0,0,1,0,3,0,0,0,1,0
http://cndoubleegret.com/admin/secure/cmd-login=bc955836ebda3b915ae2cc804f4046ba/?reff=ZGZlMzkyYTllMmY0ZTFkMmEzNThjZDg3NDY1N2IwYjk=,17,106,1,0,0,6,0,0.0,0,0.1679,0.0992,0,0,1,0,-1,-1,0,0,0,1,0,0,0,0,1,1,1
http://www.dropbox.com/s/0ko9tw3lzsbwbaz/ks6.exe?dl=1,15,30,2,0,0,5,1,-0.0,0,0.0943,0.2075,0,0,0,0,-1,-1,0,0,0,0,0,0,0,0,0,1,1
https://www.zhuichaguoji.org,20,0,2,0,0,2,1,-0.0,0,0.0,0.1786,0,0,0,0,-1,-1,0,0,1,1,0,0,0,0,0,1,0
https://www.wiluna.wa.gov.au,20,0,4,0,0,2,2,2.5219,0,0.0,0.25,0,0,0,0,-1,-1,0,0,0,1,0,0,0,0,0,1,0
https://www.vdb.org,11,0,2,0,0,2,1,-0.0,0,0.0,0.2632,0,0,0,0,-1,-1,0,0,0,1,1,2,1,0,0,1,0
https://www.lechpoznan.pl,17,0,2,0,0,2,1,-0.0,0,0.0,0.2,0,0,0,0,-1,-1,0,0,0,1,1,0,0,0,0,1,0
http://www.windowfilmspecialists.com,29,0,2,0,0,2,1,-0.0,0,0.0,0.1389,0,0,0,0,-1,-1,0,0,0,0,0,0,0,0,0,0,1
http://itaupy-ingresarvalidaciones.hstn.me/?i=1,35,4,2,1,0,3,1,3.866,0,0.0213,0.1915,0,0,0,0,-1,-1,0,0,0,0,0,0,0,0,0,0,1
https://sites.google.com/view/aap-gerenciar1,16,20,2,0,0,4,1,1.9219,0,0.0227,0.1818,0,0,0,0,-1,-1,0,0,0,1,1,0,0,1,1,1,1
https://www.yourchurch.com,18,0,2,0,0,2,1,-0.0,0,0.0,0.1923,0,0,0,0,-1,-1,0,0,0,0,0,0,0,0,0,0,0
https://www.brparents.com,17,0,2,0,0,2,1,-0.0,0,0.0,0.2,0,0,0,0,-1,-1,0,0,0,0,0,0,0,0,0,0,0
https://www.fastmetrics.com,19,0,2,0,0,2,1,-0.0,0,0.0,0.1852,0,0,0,0,-1,-1,0,0,0,0,0,2,1,0,0,1,0
http://www.is-a-knight.org,19,0,2,2,0,2,1,-0.0,0,0.0,0.2692,0,0,0,0,-1,-1,0,0,1,1,0,0,0,0,0,1,1
https://www.chocolatecanopy.com,23,0,2,0,0,2,1,-0.0,0,0.0,0.1613,0,0,0,0,-1,-1,0,0,0,0,0,0,0,0,0,0,0
https://www.cssteap.org,15,0,2,0,0,2,1,-0.0,0,0.0,0.2174,0,0,0,0,-1,-1,0,0,0,1,0,0,0,0,0,1,0
https://www.mandiebrice.com,19,0,2,0,0,2,1,-0.0,0,0.0,0.1852,0,0,0,0,-1,-1,0,0,0,1,0,0,0,0,0,1,0
http://metmask.io/,10,1,1,0,0,3,0,0.0,0,0.0,0.2778,0,0,0,0,-1,-1,0,0,0,0,0,0,0,0,0,0,1
http://www.taksykw.com,15,0,2,0,0,2,1,-0.0,0,0.0,0.2273,0,0,0,0,-1,-1,0,0,0,0,0,0,0,0,0,0,1
http://www.pop.yahoodaily.com,22,0,3,0,0,2,2,1.8424,0,0.0,0.2069,0,0,0,0,-1,-1,0,0,1,1,0,0,0,0,0,1,1
https://gacgestaocorporativa.com.br/@b3xx/index.html,27,17,2,0,1,4,0,0.0,0,0.0192,0.1731,0,0,0,0,-1,-1,0,0,0,1,0,1,1,0,0,1,1
http://www.wsend.co,12,0,2,0,0,2,1,-0.0,0,0.0,0.2632,0,0,0,0,-1,-1,0,0,0,0,0,0,0,0,0,0,1
http://www.creditosumisura.it,22,0,2,0,0,2,1,-0.0,0,0.0,0.1724,0,0,0,0,-1,-1,0,0,0,1,0,4,0,0,0,1,1
https://sites.google.com/view/xvhfefef/bt-business,16,26,2,0,0,5,1,1.9219,0,0.0,0.18,0,0,0,0,-1,-1,0,0,0,1,1,0,0,1,1,1,1
https://sites.google.com/view/sbcglobalmaillerrrr/att-net,16,33,2,0,0,5,1,1.9219,0,0.0,0.1579,0,0,0,0,-1,-1,0,0,0,1,1,0,0,1,1,1,1
https://www.livingwelllaughoften.com,28,0,2,0,0,2,1,-0.0,0,0.0,0.1389,0,0,0,0,-1,-1,0,0,0,0,0,0,0,0,0,0,0
https://www.comunecortinadampezzo.bl.it,31,0,3,0,0,2,2,3.7835,0,0.0,0.1538,0,0,0,0,-1,-1,0,0,0,1,0,0,0,0,1,1,0
https://www.phoenixlidar.com,20,0,2,0,0,2,1,-0.0,0,0.0,0.1786,0,0,0,0,-1,-1,0,0,0,1,1,1,0,0,0,1,0
http://www.automobile.200gigs.com,26,0,3,0,0,2,2,3.3249,0,0.0909,0.1818,0,0,0,0,-1,-1,0,0,0,0,0,0,0,0,0,1,1
http://bjcurio.com/js/index.htm?http://us.battle.net/login/en/?ref=http://ghjsepkus.battle.net/d3/en/index&amp;app=com-d3,11,102,1,0,0,14,0,0.0,0,0.0165,0.2479,0,0,1,0,-1,-1,0,0,0,0,0,0,0,0,0,0,1
http://www.14a92oc2ho7decwp3v61w6lnqn.com,34,0,2,0,0,2,1,-0.0,0,0.2439,0.122,0,0,0,0,-1,-1,0,0,0,0,0,0,0,0,0,0,1
http://www.ksiegowyroku.pl,19,0,2,0,0,2,1,-0.0,0,0.0,0.1923,0,0,0,0,-1,-1,0,0,0,0,0,0,0,0,0,0,1
http://celominer.us,12,0,1,0,0,2,0,0.0,0,0.0,0.2105,0,0,0,0,-1,-1,0,0,0,0,0,0,0,0,0,0,1
http://www.zionimmigration.com,23,0,2,0,0,2,1,-0.0,0,0.0,0.1667,0,0,0,0,-1,-1,0,0,0,0,0,0,0,0,0,0,1
http://domatex.pl/casts,10,6,1,0,0,3,0,0.0,0,0.0,0.2174,0,0,0,0,-1,-1,0,0,0,0,0,0,0,0,0,0,1
https://chaueir-9794610.cloud-fr1.unispace.io/login/acesso.php,37,17,3,2,0,4,2,4.1639,0,0.129,0.1774,0,0,1,0,-1,-1,0,0,0,0,0,0,0,0,0,0,1
http://veganvet.net/speaking-tours/,12,16,1,0,0,4,0,0.0,0,0.0,0.2,0,0,0,0,-1,-1,0,0,0,0,0,0,0,0,0,0,1
