V10_HTTP_Extraction_Success,V11_WHOIS_Extraction_Success,V1_PHash_Distance,V2_Layout_Similarity,V6_JS_Entropy,V7_Text_Readability_Score,V8_Total_IFrames,V9_Has_Hidden_IFrame,V5_TLS_Issuer_Reputation,V3_Domain_Age_Days,V4_DNS_Volatility_Count,Is_Top_1M_Domain,V22_IP_Subdomain_Pattern,V23_Entropy_Subdomain,URL_KEY
1,1.0,0.5625,0.9,0.0,0.35,0.0,0.0,0.0,0.0,0,0,0,0.34906015629507225,http://www.f0519141.xsph.ru
0,0.0,0.5,0.0,0.0,0.0,0.0,0.0,0.0,0.0,0,0,0,-0.0,http://www.shprakserf.gq
1,1.0,0.46875,0.22499999999999998,0.674461415926984,0.4767955801104972,3.0,1.0,1.0,0.0,2,0,0,-0.0,https://www.cryptocompare.com
1,1.0,0.4375,0.525,0.6498451562925319,1.0,4.0,1.0,1.0,0.0,1,0,0,-0.0,https://www.diariodealmeria.es
1,1.0,0.46875,0.525,0.6464079922745019,1.0,0.0,0.0,0.0,0.0,0,0,0,0.25,https://www.town.minamichita.lg.jp
1,1.0,0.5,0.725,0.6277489805451804,1.0,0.0,0.0,1.0,0.0,1,0,0,-0.0,https://www.bwresearch.com
1,1.0,0.5,0.65,0.6341720101952716,0.6790697674418604,4.0,0.0,1.0,0.0,1,0,0,-0.0,https://www.musicvideoproduction.guru
1,1.0,0.46875,0.9,0.0,0.4142857142857143,0.0,0.0,1.0,0.0,1,0,0,0.4240934263060981,https://service-mitld.firebaseapp.com/
1,1.0,0.53125,0.85,0.0,0.29166666666666663,0.0,0.0,1.0,0.0,3,0,0,0.41683489263144935,http://www.kuradox92.lima-city.de
1,1.0,0.46875,0.9,0.0,0.4142857142857143,0.0,0.0,1.0,0.0,1,0,0,0.3902410118609203,https://liuy-9a930.web.app/
1,1.0,0.53125,0.475,0.637342146574574,1.0,0.0,0.0,1.0,0.0,2,0,0,-0.0,https://www.landed.com
1,1.0,0.5,0.825,0.0,0.45714285714285713,0.0,0.0,1.0,0.0,1,0,0,0.0,https://ipfs.io/ipfs/qmrvvyr84esa2assw9vvwupqjgsdn4c3dwkusfdwzdz3kn?clientid=noc@protocol.ai
1,1.0,0.53125,0.875,0.0,0.6,0.0,0.0,1.0,0.0,2,0,0,0.35832338822861987,http://att-103731-107123.weeblysite.com/
0,0.0,0.5,0.0,0.0,0.0,0.0,0.0,1.0,0.0,1,0,0,-0.0,https://www.bikeseoul.com
1,1.0,0.46875,0.9,0.0,0.4142857142857143,0.0,0.0,1.0,0.0,1,0,0,0.41524101186092033,https://hidok4f8zl.firebaseapp.com/
1,1.0,0.375,0.525,0.6831188695553149,0.9360655737704919,3.0,0.0,1.0,0.0,1,0,0,-0.0,https://www.ibeani.co.uk
1,1.0,0.53125,0.6,0.6880100520856459,0.9650000000000001,1.0,0.0,1.0,0.0,1,0,0,-0.0,https://www.metroretrovintage.com
1,1.0,0.59375,0.725,0.5595315060711256,0.2363636363636364,0.0,0.0,0.0,0.0,1,0,0,-0.0,http://www.ooguy.com
1,1.0,0.5625,0.725,0.4921759851797522,0.4970588235294118,0.0,0.0,1.0,0.0,4,0,0,-0.0,https://www.vysor.io
1,1.0,0.453125,0.925,0.5404820237218406,0.0,0.0,0.0,1.0,0.0,2,0,0,-0.0,http://www.fairytalesinc.com
1,1.0,0.5625,0.875,0.0,0.4,0.0,0.0,0.0,0.0,1,0,0,0.3652410118609203,https://dev-634536.pantheonsite.io/
1,1.0,0.4375,0.42500000000000004,0.6334406987110185,1.0,3.0,1.0,1.0,0.0,2,0,0,-0.0,https://www.senacases.com
0,0.0,0.5,0.0,0.0,0.0,0.0,0.0,0.0,0.0,0,0,0,0.0,https://sabadonoappmagazine.com/
0,0.0,0.5,0.0,0.0,0.0,0.0,0.0,0.0,0.0,4,0,0,-0.0,https://www.vespatales.com
0,0.0,0.5,0.0,0.0,0.0,0.0,0.0,0.0,0.0,0,0,0,-0.0,http://www.nextraload.com
1,1.0,0.53125,0.5,0.6973336041309945,0.5703252032520325,0.0,0.0,1.0,0.0,1,0,0,-0.0,https://www.klerk.ru
1,1.0,0.40625,0.44999999999999996,0.7334581003988802,1.0,2.0,1.0,1.0,0.0,2,0,0,-0.0,https://www.karenmillen.com
0,0.0,0.5,0.0,0.0,0.0,0.0,0.0,0.0,0.0,0,0,0,0.0,https://topaka.cloud/ob52gtplj/18snwp
1,1.0,0.5,0.75,0.0,0.2813953488372093,0.0,0.0,1.0,0.0,1,0,0,-0.0,https://www.mlpack.org
1,1.0,0.453125,0.95,0.0,0.0,0.0,0.0,1.0,0.0,1,0,0,0.4223479366857719,https://metafb-tvz6efk.web.app/
1,1,0.375,0.6,0.6491510031928692,1.0,3,1,1.0,0.0,4,0,0,-0.0,https://www.religionenlibertad.com
1,1,0.375,0.7,0.0,0.16619718309859155,0,0,0.0,0.0,1,0,0,-0.0,http://www.teramill.com
1,1,0.53125,0.375,0.6821350195653519,0.9338129496402878,11,1,1.0,0.0,1,0,0,-0.0,https://www.socialpolicy.org
1,1,0.5,0.32499999999999996,0.7479751897463658,0.8777777777777779,3,1,1.0,0.0,2,0,0,-0.0,https://www.aoh61.com
1,1,0.40625,0.525,0.5967678031466361,0.6827205882352941,2,1,1.0,0.0,2,0,0,-0.0,https://www.bulgariaski.com
1,1,0.4375,0.6,0.6632760987329023,0.6657894736842105,2,1,1.0,0.0,1,0,0,-0.0,https://www.brightika.com
1,1,0.5625,0.8,0.7144246995391871,0.15833333333333333,2,1,1.0,0.0,1,0,0,-0.0,https://www.motley.ie
1,1,0.5,0.575,0.6859990148461399,0.8366666666666667,11,1,1.0,0.0,1,0,0,-0.0,https://www.funzine.hu
1,1,0.5625,0.35,0.6208304896890335,0.54375,1,1,1.0,0.0,1,0,0,-0.0,https://www.dixxon.com
1,1,0.5,0.75,0.516575656009342,0.6893737166324435,7,1,1.0,0.0,1,0,0,-0.0,https://www.ooty.ind.in
0,0.0,0.5,0.0,0.0,0.0,0.0,0.0,0.0,0.0,0,0,0,0.3302005209835742,http://www.iuhjn.pplink.club
1,1.0,0.46875,0.9,0.0,0.4142857142857143,0.0,0.0,1.0,0.0,1,0,0,0.4159774413893479,https://mechinchem-5cb8a.web.app/
0,0.0,0.5,0.0,0.0,0.0,0.0,0.0,1.0,0.0,2,0,0,-0.0,https://www.salutlive.com
1,1.0,0.46875,0.475,0.677541576381712,1.0,22.0,1.0,1.0,0.0,1,0,0,-0.0,https://www.recettessimples.fr
1,1.0,0.46875,0.9,0.0,0.4142857142857143,0.0,0.0,1.0,0.0,1,0,0,0.4729331487002059,https://fb-restriction-case-97be5.web.app/
0,0.0,0.5,0.0,0.0,0.0,0.0,0.0,0.0,0.0,0,0,0,0.0,https://pontosapontamentolu.com/gclid/=/c/?gclid=ishecabh95cvbhb1eiwagy6m4vn7url3tlj5m_nu__lcyj4n06pqquydbh-56148buwwbmv7k1qejboci-isjw5_kiq
1,1.0,0.5625,0.725,0.6068095118255495,0.4111111111111111,0.0,0.0,1.0,0.0,1,0,0,-0.0,https://www.ainewsletter.com
1,1.0,0.34375,0.65,0.6766332070332584,1.0,3.0,1.0,1.0,0.0,1,0,0,-0.0,https://www.marrugeku.com.au
1,1.0,0.46875,0.525,0.5286411722297021,0.45,0.0,0.0,1.0,0.0,1,0,0,-0.0,https://www.sweatdrop.com
0,0.0,0.5,0.0,0.0,0.0,0.0,0.0,0.0,0.0,8,0,0,-0.0,http://www.komaru.today
1,1.0,0.5,0.42500000000000004,0.7068731202087823,1.0,0.0,0.0,1.0,0.0,1,0,0,-0.0,https://www.southbankmosaics.com
1,1.0,0.40625,0.19999999999999996,0.6197857165074768,1.0,0.0,0.0,1.0,0.0,1,0,0,-0.0,https://www.uni-mainz.de
1,1.0,0.5,0.65,0.6632230123405387,1.0,0.0,0.0,1.0,0.0,1,0,0,-0.0,https://www.voicefmradio.co.uk
1,1.0,0.625,0.8,0.7670260677465547,0.1625,0.0,0.0,1.0,0.0,2,0,0,-0.0,https://www.sfnmjournal.com
0,0.0,0.5,0.0,0.0,0.0,0.0,0.0,1.0,0.0,2,0,0,-0.0,https://www.rewildingargentina.org
1,1.0,0.46875,0.42500000000000004,0.5736768245077918,1.0,4.0,1.0,1.0,0.0,2,0,0,-0.0,https://www.globalreporting.org
1,1.0,0.4375,0.65,0.5733762388003503,1.0,3.0,1.0,1.0,0.0,1,0,0,-0.0,https://www.saffronart.com
1,1.0,0.5625,0.8,0.6228587988991386,0.45357142857142857,0.0,0.0,1.0,0.0,1,0,0,-0.0,https://www.nerdscandy.com
1,1.0,0.5625,0.8,0.6442249630727112,0.45357142857142857,1.0,1.0,1.0,0.0,2,0,0,-0.0,https://www.hyderabadonline.in
1,1.0,0.40625,0.55,0.6719261071186924,1.0,9.0,1.0,1.0,0.0,1,0,0,-0.0,https://www.aap.org
1,1,0.625,0.75,0.6737339178828416,0.4291666666666667,2,0,1.0,0.0,1,0,0,-0.0,https://www.radware.com
1,1,0.453125,0.95,0.0,0.0,0,0,1.0,0.0,1,0,0,-0.0,http://www.erlegen.de
1,1,0.5625,0.9,0.0,0.35,0,0,0.0,0.0,0,0,0,0.3569235677759417,http://www.f0535398.xsph.ru
1,1,0.46875,0.9,0.0,0.4142857142857143,0,0,1.0,0.0,1,0,0,0.3406850696247335,https://ggsexpole.web.app/
1,1,0.5,0.55,0.6040030092671649,1.0,8,1,1.0,0.0,2,0,0,-0.0,https://www.classfmonline.com
1,1,0.46875,0.525,0.6340284245777158,1.0,4,1,1.0,0.0,1,0,0,-0.0,https://www.cornerstoneinsurance.ca
1,1,0.46875,0.44999999999999996,0.6986066712278242,1.0,1,1,1.0,0.0,2,0,0,-0.0,https://www.varzesh3.com
1,1,0.5625,0.825,0.0,0.275,0,0,0.0,0.0,3,0,0,0.125,https://s3.amazonaws.com/appforest_uf/f1678949673383x832048620362898600/index%20%284%29.html
1,1,0.4375,0.42500000000000004,0.6855556211245236,1.0,0,0,1.0,0.0,1,0,0,-0.0,https://www.medicalplasticsnews.com
1,1,0.5625,0.375,0.6206388351475831,0.954,3,1,1.0,0.0,1,0,0,-0.0,https://www.gitguardian.com
0,0.0,0.5,0.0,0.0,0.0,0.0,0.0,0.0,0.0,0,0,0,-0.0,http://www.hesselawchambers.com
1,1.0,0.5,0.675,0.5908218455766931,0.5363468634686347,0.0,0.0,1.0,0.0,1,0,0,-0.0,https://www.schmitzfotografia.com.br
1,1.0,0.5,0.55,0.6871590563385792,1.0,2.0,1.0,1.0,0.0,2,0,0,-0.0,https://www.lanereport.com
1,1.0,0.46875,0.22499999999999998,0.6830974998247299,1.0,0.0,0.0,1.0,0.0,1,0,0,-0.0,https://www.spg.pt
1,1.0,0.40625,0.6,0.6374919073072295,1.0,5.0,1.0,1.0,0.0,1,0,0,-0.0,https://www.coraevans.com
1,1.0,0.53125,0.7,0.6245887748738073,0.6608695652173913,3.0,1.0,1.0,0.0,2,0,0,-0.0,https://www.torahmates.org
1,1.0,0.3125,0.925,0.0,0.9,0.0,0.0,1.0,0.0,4,0,0,-0.0,https://www.larepublica.co
1,1.0,0.53125,0.55,0.5464496872400294,1.0,1.0,1.0,1.0,0.0,2,0,0,-0.0,https://www.pimpim.lt
1,1.0,0.59375,0.9,0.0,0.13333333333333333,0.0,0.0,1.0,0.0,1,0,0,0.3556688670778046,http://www.httpzen.fairhash.org
0,0.0,0.5,0.0,0.0,0.0,0.0,0.0,1.0,0.0,2,0,0,-0.0,http://www.cjplogger.com
1,1.0,0.65625,0.775,0.6185556873949098,0.39285714285714285,0.0,0.0,1.0,0.0,2,0,0,0.4970562466606404,https://auth-document-shared.datingg-voice.workers.dev/
1,1.0,0.53125,0.875,0.0,0.6,0.0,0.0,1.0,0.0,2,0,0,0.4602351003504253,https://mail-service-100960.weeblysite.com/
1,1.0,0.4375,0.625,0.6557167642678343,1.0,1.0,1.0,1.0,0.0,1,0,0,-0.0,https://www.aqr.com
1,1.0,0.5625,0.9,0.0,0.35,0.0,0.0,0.0,0.0,0,0,0,0.3569235677759417,http://www.a0646498.xsph.ru
1,1.0,0.46875,0.9,0.0,0.4142857142857143,0.0,0.0,1.0,0.0,1,0,0,0.5005455230885177,https://helpadcase1002405739503874569.web.app/
1,1.0,0.46875,0.32499999999999996,0.6857626330993758,1.0,8.0,1.0,1.0,0.0,2,0,0,-0.0,https://www.poundingtherock.com
0,0.0,0.5,0.0,0.0,0.0,0.0,0.0,1.0,0.0,1,0,0,-0.0,https://www.kellerberrin.wa.gov.au
1,1.0,0.4375,0.625,0.5867675427875118,0.5119565217391304,0.0,0.0,1.0,0.0,1,0,0,-0.0,https://www.stadtgarten.de
0,0.0,0.5,0.0,0.0,0.0,0.0,0.0,1.0,0.0,3,0,0,0.4266356778676443,https://noxioussweetconnections.carisss.repl.co/
0,0.0,0.5,0.0,0.0,0.0,0.0,0.0,0.0,0.0,0,0,0,-0.0,http://www.jerode.ga
1,1.0,0.46875,0.9,0.0,0.4142857142857143,0.0,0.0,1.0,0.0,1,0,0,0.4064536459234778,https://ormvoixregl1.firebaseapp.com/
1,1.0,0.4375,0.5,0.6280889947113599,1.0,7.0,1.0,1.0,0.0,2,0,0,-0.0,https://www.crowncenter.com
1,1.0,0.5,0.65,0.6336783165403463,0.21363636363636362,0.0,0.0,1.0,0.0,2,0,0,0.0,http://nmve.xyz/
0,0.0,0.5,0.0,0.0,0.0,0.0,0.0,1.0,0.0,1,0,0,0.46771616208402184,http://www.maytheday.oss-ap-southeast-2.aliyuncs.com
1,1.0,0.5,0.5,0.646584654665791,0.9225,0.0,0.0,0.0,0.0,4,0,0,-0.0,https://www.dancetheyard.org
0,0.0,0.5,0.0,0.0,0.0,0.0,0.0,1.0,0.0,1,0,0,-0.0,https://www.olly.com
1,1.0,0.375,0.7,0.6871403081738567,0.8676470588235293,0.0,0.0,1.0,0.0,1,0,0,-0.0,https://www.naturalearthdata.com
1,1.0,0.53125,0.875,0.0,0.6,0.0,0.0,1.0,0.0,2,0,0,0.34024101186092026,https://att-104164.weeblysite.com/
1,1.0,0.375,0.375,0.6857705035633772,1.0,0.0,0.0,1.0,0.0,1,0,0,-0.0,https://www.frdc.com.au
1,1.0,0.5,0.55,0.6818136946997388,0.7194915254237289,0.0,0.0,1.0,0.0,1,0,0,-0.0,https://www.lukul.sk
1,1.0,0.5,0.5,0.6815746381843248,0.6287878787878788,4.0,1.0,1.0,0.0,1,0,0,-0.0,https://www.cityparkapp.pl
0,0.0,0.5,0.0,0.0,0.0,0.0,0.0,0.0,0.0,0,0,0,0.35580491808387693,http://tkmowpikuk.owl4fsrch.club/vnafvra97w/?q=3717065149&id=100
0,0.0,0.5,0.0,0.0,0.0,0.0,0.0,1.0,0.0,3,0,0,0.46425151929642117,https://a04854e8-0cca-4b74-80e6-aacb14a4a5f7.id.repl.co
1,1.0,0.40625,0.525,0.6700453579047002,0.756578947368421,0.0,0.0,0.0,0.0,1,0,0,-0.0,https://www.scandlines.dk
1,1.0,0.46875,0.675,0.6201218280850588,1.0,2.0,1.0,1.0,0.0,1,0,0,-0.0,https://www.hskonline.com
1,1.0,0.5,0.55,0.6740567182734272,1.0,4.0,1.0,1.0,0.0,1,0,0,-0.0,https://www.nutritioncare.org
1,1.0,0.5,0.4,0.6020196178979601,1.0,0.0,0.0,1.0,0.0,1,0,0,-0.0,https://www.tileandstonejournal.com
1,1.0,0.53125,0.675,0.6350825400277452,1.0,0.0,0.0,1.0,0.0,1,0,0,0.1713688243068336,https://www.c.line-design.fr
0,0.0,0.5,0.0,0.0,0.0,0.0,0.0,1.0,0.0,1,0,0,-0.0,https://www.capeblancoheritagesociety.com
1,1.0,0.53125,0.725,0.6068095118255495,0.34375,0.0,0.0,1.0,0.0,2,0,0,-0.0,https://www.caterinaperez.com
1,1.0,0.46875,0.35,0.5989090552322456,0.7235294117647059,15.0,1.0,1.0,0.0,4,0,0,-0.0,https://www.ytv.co.jp
1,1.0,0.5,0.9,0.0,0.2,0.0,0.0,1.0,0.0,2,0,0,0.3302005209835742,https://www.today.uci.edu
1,1.0,0.53125,0.775,0.5544429612185213,0.2926829268292683,8.0,1.0,1.0,0.0,1,0,0,-0.0,https://www.spket.com
0,0.0,0.5,0.0,0.0,0.0,0.0,0.0,1.0,0.0,1,0,0,-0.0,https://www.americanauctioneers.com
0,0.0,0.5,0.0,0.0,0.0,0.0,0.0,0.0,0.0,1,0,0,0.375,https://yrislfnb.qpoe.com/
1,1.0,0.5,0.44999999999999996,0.6638941058484391,1.0,1.0,0.0,1.0,0.0,4,0,0,-0.0,https://www.heramission.space
1,1.0,0.5625,0.8,0.6207464805220161,0.45357142857142857,0.0,0.0,1.0,0.0,2,0,0,-0.0,https://www.circlek.org
1,1.0,0.5625,0.6,0.581095567945587,1.0,0.0,0.0,1.0,0.0,1,0,0,-0.0,https://www.gunsmokenet.com
1,1.0,0.46875,0.44999999999999996,0.6626973349892822,0.9035714285714287,2.0,0.0,1.0,0.0,1,0,0,-0.0,https://www.bocajnarima.com
1,1.0,0.375,0.30000000000000004,0.6930377784420838,1.0,1.0,0.0,1.0,0.0,1,0,0,-0.0,https://www.raw-health-coach.com
1,1.0,0.46875,0.9,0.0,0.4142857142857143,0.0,0.0,1.0,0.0,1,0,0,0.40970167960238946,https://soah-b6mz-v.firebaseapp.com/
0,0.0,0.5,0.0,0.0,0.0,0.0,0.0,0.0,0.0,0,0,0,0.4867075862110232,https://www.dlrect-smtb.jp.ap1.ib.commetryx.com/ibg/client/index_sp.php
1,1.0,0.3125,0.775,0.6102087326385404,0.540625,0.0,0.0,1.0,0.0,1,0,0,-0.0,https://www.estamos.de
1,1.0,0.5625,0.875,0.0,0.08888888888888888,0.0,0.0,0.0,0.0,1,0,0,-0.0,http://www.b7a3a060b75c7dcba9c1078d4ead51f0dc.ws
1,1.0,0.53125,0.475,0.6511767400011362,1.0,0.0,0.0,1.0,0.0,1,0,0,-0.0,https://www.airlinesupports.com
0,0.0,0.5,0.0,0.0,0.0,0.0,0.0,0.0,0.0,0,0,0,0.0,http://198.98.58.123/
1,1.0,0.4375,0.85,0.0,0.53,0.0,0.0,1.0,0.0,1,0,0,0.0,https://ipfs.io/ipfs/bafybeidmmks6ka5vki6djnohox7mminfrzcjkw2mowpft7xtu2sjyxzi64/ufx!xch@
1,1.0,0.5,0.775,0.0,0.7666666666666667,0.0,0.0,1.0,0.0,1,0,0,-0.0,https://www.ackerstadtpalast.de
1,1.0,0.4375,0.6,0.6853960861515849,1.0,0.0,0.0,1.0,0.0,1,0,0,0.26601065986142425,https://www.mro.nmt.edu
1,1.0,0.453125,0.925,0.5404820237218406,0.0,0.0,0.0,1.0,0.0,2,0,0,-0.0,http://www.aresync.com
1,1.0,0.40625,0.75,0.638529729236623,0.8683333333333334,0.0,0.0,1.0,0.0,1,0,0,-0.0,https://www.brainy.games
1,1.0,0.40625,0.9,0.0,0.3,0.0,0.0,1.0,0.0,1,0,0,-0.0,https://www.irgendwie-nerdig.de
1,1.0,0.5625,0.625,0.6645619984953068,0.8055555555555556,0.0,0.0,1.0,0.0,1,0,0,-0.0,https://www.peachstatearchaeologicalsociety.org
1,1.0,0.59375,0.375,0.6797664984093059,1.0,0.0,0.0,1.0,0.0,1,0,0,-0.0,https://www.jazzmasters.nl
1,1.0,0.46875,0.9,0.0,0.4142857142857143,0.0,0.0,1.0,0.0,1,0,0,0.41524101186092033,https://syk1pe9wox.firebaseapp.com/
1,1.0,0.46875,0.55,0.6464395083125029,1.0,5.0,1.0,1.0,0.0,1,0,0,-0.0,https://www.londondesignbiennale.com
1,1.0,0.625,0.675,0.48232766224502865,1.0,2.0,1.0,1.0,0.0,1,0,0,-0.0,https://www.honneur-au-scoutisme.com
1,1.0,0.59375,0.85,0.0,0.24,0.0,0.0,1.0,0.0,4,0,0,0.43266501752637604,http://glaze-maple-pantry.glitch.me/link.html
1,1.0,0.5625,0.675,0.0,1.0,13.0,1.0,1.0,0.0,2,0,0,-0.0,https://www.leonardodavinci.net
0,0.0,0.5,0.0,0.0,0.0,0.0,0.0,0.0,0.0,1,0,0,0.4210653159660258,https://host-authoritsaativeax.mefound.com/
1,1.0,0.46875,0.55,0.6911425131933187,1.0,1.0,0.0,1.0,0.0,1,0,0,-0.0,https://www.shopfiire.com
0,0.0,0.5,0.0,0.0,0.0,0.0,0.0,1.0,0.0,1,0,0,-0.0,https://www.doc88.com
1,1.0,0.5625,0.825,0.0,0.10227272727272727,0.0,0.0,1.0,0.0,1,0,0,0.45166716425566344,http://www.jab.oss-ap-southeast-1.aliyuncs.com
1,1.0,0.40625,0.625,0.6369528730258617,0.8333333333333334,1.0,1.0,0.0,0.0,1,0,0,-0.0,https://www.hee.nhs.uk
1,1.0,0.4375,0.65,0.0,0.7192307692307692,0.0,0.0,1.0,0.0,2,0,0,-0.0,https://www.secondgeargames.com
1,1.0,0.53125,0.625,0.5548020583103617,1.0,1.0,1.0,1.0,0.0,4,0,0,-0.0,https://www.usbirthcertificates.com
1,1.0,0.5,0.19999999999999996,0.6341091142145323,0.905813953488372,4.0,1.0,1.0,0.0,1,0,0,-0.0,https://www.dslweb.de
1,1.0,0.625,0.8,0.7666399568021268,0.2111111111111111,0.0,0.0,1.0,0.0,6,0,0,-0.0,http://www.constructiongst.com
0,0.0,0.5,0.0,0.0,0.0,0.0,0.0,0.0,0.0,0,0,0,-0.0,http://www.westleyr.cf
1,1.0,0.4375,0.625,0.5869732862922897,1.0,7.0,1.0,1.0,0.0,1,0,0,-0.0,https://www.021.rs
1,1.0,0.53125,0.625,0.6488271270704643,1.0,0.0,0.0,1.0,0.0,3,0,0,0.26601065986142425,https://www.art.yale.edu
0,0.0,0.5,0.0,0.0,0.0,0.0,0.0,0.0,0.0,0,0,0,-0.0,http://www.securitycamera-at-2022.life
1,1.0,0.59375,0.42500000000000004,0.6401973224216753,0.8620129870129871,3.0,1.0,1.0,0.0,3,0,0,-0.0,https://www.isuog.org
1,1.0,0.53125,0.625,0.0,0.38153846153846155,0.0,0.0,1.0,0.0,1,0,0,-0.0,https://www.hostmaster.ua
1,1.0,0.5,0.725,0.5902124777361708,1.0,3.0,1.0,1.0,0.0,1,0,0,-0.0,https://www.bigconstrutora.com.br
1,1.0,0.4375,0.575,0.556718346326205,1.0,0.0,0.0,1.0,0.0,2,0,0,-0.0,https://www.iain-ternate.ac.id
1,1.0,0.59375,0.875,0.0,0.08888888888888888,0.0,0.0,0.0,0.0,1,0,0,-0.0,http://www.l3a40b16a45b1120615b5d1cc655d7da4a.ws
0,0.0,0.5,0.0,0.0,0.0,0.0,0.0,1.0,0.0,1,0,0,-0.0,https://www.colorii.com
0,0.0,0.5,0.0,0.0,0.0,0.0,0.0,0.0,0.0,0,0,0,-0.0,http://www.pwuxmeudaj.cf
1,1.0,0.5,0.55,0.4741342398921892,0.5151515151515151,1.0,1.0,1.0,0.0,1,0,0,-0.0,https://www.elcalifa.com.mx
